    5   31  Pure helium grid                                                                                                               Tue Feb 28 09:08:53 2006
 Teff  logg  M/Mo  Mbol     BC    U      B      V      R      I      J      H      K      u      g      r      i      z      y      b-y    u-b    v-y    V-I    G-R    U-V    U-G    B-V     Age
  3500. 7.0  0.150 15.387 -2.376 21.050 19.856 17.763 16.305 14.993 13.531 12.977 12.681 21.928 18.885 16.851 15.771 15.071 17.788  1.505  3.365  2.924  2.367  2.848  4.171  3.002  2.179 2.902E+09
  3750. 7.0  0.151 15.083 -1.880 19.973 18.908 16.963 15.653 14.474 13.261 12.798 12.547 20.842 18.000 16.136 15.195 14.621 16.977  1.399  3.166  2.734  2.080  2.575  3.889  2.812  2.018 2.792E+09
  4000. 7.0  0.151 14.797 -1.437 18.964 18.026 16.233 15.074 14.034 13.040 12.649 12.434 19.826 17.182 15.497 14.698 14.245 16.237  1.289  2.974  2.539  1.785  2.289  3.608  2.627  1.853 2.489E+09
  4250. 7.0  0.152 14.526 -1.047 18.005 17.199 15.574 14.568 13.667 12.860 12.525 12.339 18.859 16.424 14.934 14.279 13.936 15.567  1.168  2.771  2.326  1.483  1.983  3.307  2.432  1.672 2.193E+09
  4500. 7.0  0.153 14.271 -0.723 17.093 16.435 14.993 14.138 13.369 12.712 12.421 12.256 17.940 15.736 14.454 13.935 13.686 14.980  1.035  2.543  2.089  1.191  1.666  2.972  2.213  1.471 1.955E+09
  4750. 7.0  0.155 14.026 -0.473 16.239 15.748 14.499 13.779 13.125 12.584 12.326 12.178 17.079 15.131 14.056 13.654 13.480 14.481  0.897  2.285  1.836  0.932  1.360  2.604  1.966  1.257 1.737E+09
  5000. 7.0  0.157 13.791 -0.299 15.466 15.154 14.090 13.482 12.920 12.467 12.234 12.101 16.298 14.615 13.729 13.421 13.304 14.070  0.768  2.010  1.589  0.721  1.094  2.229  1.704  1.049 1.546E+09
  5250. 7.0  0.159 13.564 -0.187 14.790 14.653 13.751 13.230 12.740 12.355 12.144 12.023 15.616 14.184 13.456 13.220 13.146 13.732  0.658  1.740  1.370  0.559  0.878  1.881  1.452  0.867 1.376E+09
  5500. 7.0  0.161 13.344 -0.121 14.216 14.236 13.465 13.012 12.577 12.246 12.053 11.944 15.038 13.823 13.222 13.040 13.000 13.448  0.571  1.499  1.191  0.435  0.711  1.583  1.229  0.720 1.226E+09
  6000. 7.0  0.167 12.930 -0.070 13.328 13.586 13.000 12.638 12.283 12.036 11.875 11.787 14.147 13.252 12.827 12.723 12.731 12.985  0.453  1.140  0.942  0.262  0.482  1.155  0.904  0.516 9.877E+08
  6500. 7.0  0.171 12.556 -0.071 12.684 13.095 12.627 12.325 12.028 11.847 11.713 11.644 13.503 12.809 12.499 12.450 12.495 12.613  0.378  0.913  0.786  0.143  0.333  0.886  0.700  0.389 8.250E+08
  7000. 7.0  0.175 12.208 -0.094 12.175 12.688 12.303 12.046 11.794 11.669 11.560 11.508 12.994 12.435 12.210 12.202 12.277 12.291  0.324  0.761  0.678  0.053  0.223  0.703  0.564  0.300 6.926E+08
  7500. 7.0  0.180 11.881 -0.131 11.744 12.333 12.012 11.792 11.577 11.501 11.414 11.377 12.565 12.106 11.947 11.974 12.074 12.002  0.283  0.649  0.595 -0.021  0.136  0.567  0.463  0.232 5.817E+08
  8000. 7.0  0.184 11.574 -0.179 11.368 12.020 11.753 11.563 11.381 11.347 11.279 11.256 12.190 11.814 11.711 11.768 11.889 11.743  0.248  0.556  0.525 -0.084  0.062  0.453  0.379  0.174 4.898E+08
  8500. 7.0  0.189 11.283 -0.238 11.033 11.739 11.520 11.358 11.205 11.207 11.156 11.145 11.856 11.552 11.499 11.583 11.723 11.512  0.217  0.475  0.464 -0.140 -0.004  0.352  0.306  0.123 4.142E+08
  9000. 7.0  0.194 11.007 -0.305 10.733 11.488 11.311 11.173 11.046 11.081 11.044 11.044 11.556 11.316 11.309 11.415 11.573 11.304  0.190  0.403  0.409 -0.190 -0.062  0.264  0.241  0.078 3.520E+08
  9500. 7.0  0.199 10.745 -0.378 10.463 11.261 11.123 11.006 10.902 10.966 10.943 10.953 11.288 11.105 11.137 11.265 11.437 11.117  0.165  0.339  0.360 -0.234 -0.114  0.185  0.184  0.038 3.010E+08
 10000. 7.0  0.202 10.503 -0.456 10.227 11.063 10.959 10.861 10.778 10.868 10.856 10.874 11.052 10.919 10.988 11.134 11.320 10.954  0.143  0.283  0.317 -0.273 -0.161  0.115  0.133  0.002 2.601E+08
 11000. 7.0  0.208 10.058 -0.608  9.822 10.718 10.666 10.599 10.549 10.681 10.689 10.720 10.649 10.593 10.720 10.895 11.103 10.661  0.110  0.196  0.252 -0.338 -0.237  0.008  0.056 -0.056 1.995E+08
 12000. 7.0  0.214  9.653 -0.769  9.486 10.430 10.421 10.381 10.359 10.529 10.554 10.596 10.314 10.321 10.496 10.697 10.923 10.417  0.081  0.127  0.198 -0.394 -0.302 -0.078 -0.005 -0.106 1.551E+08
 13000. 7.0  0.219  9.279 -0.924  9.201 10.178 10.203 10.186 10.189 10.389 10.428 10.480 10.030 10.081 10.297 10.520 10.761 10.199  0.057  0.079  0.157 -0.442 -0.357 -0.140 -0.046 -0.148 1.219E+08
 14000. 7.0  0.224  8.933 -1.070  8.953  9.953 10.003 10.006 10.030 10.256 10.308 10.368  9.784  9.864 10.113 10.355 10.610  9.998  0.038  0.050  0.129 -0.486 -0.406 -0.181 -0.070 -0.186 9.653E+07
 15000. 7.0  0.229  8.609 -1.207  8.737  9.749  9.816  9.839  9.880 10.129 10.192 10.257  9.569  9.665  9.941 10.200 10.466  9.809  0.022  0.036  0.111 -0.526 -0.450 -0.204 -0.080 -0.219 7.714E+07
 17000. 7.0  0.238  8.021 -1.470  8.383  9.403  9.491  9.547  9.618  9.893  9.974 10.047  9.218  9.325  9.644  9.930 10.210  9.477  0.001  0.033  0.096 -0.597 -0.525 -0.219 -0.075 -0.271 5.145E+07
 18000. 7.0  0.238  7.773 -1.604  8.259  9.281  9.377  9.446  9.529  9.810  9.899  9.972  9.095  9.204  9.541  9.838 10.123  9.361 -0.008  0.034  0.091 -0.625 -0.555 -0.222 -0.070 -0.291 6.029E+07
 20000. 7.0  0.247  7.275 -1.907  8.042  9.068  9.182  9.270  9.369  9.656  9.752  9.825  8.879  8.997  9.362  9.674  9.966  9.163 -0.023  0.031  0.076 -0.665 -0.599 -0.234 -0.069 -0.323 4.561E+07
 22000. 7.0  0.257  6.820 -2.269  7.938  8.966  9.089  9.182  9.287  9.572  9.664  9.734  8.776  8.897  9.274  9.590  9.884  9.071 -0.031  0.028  0.064 -0.675 -0.614 -0.243 -0.070 -0.339 3.545E+07
 24000. 7.0  0.266  6.403 -2.550  7.763  8.808  8.953  9.051  9.163  9.454  9.546  9.617  8.602  8.747  9.141  9.464  9.761  8.937 -0.046 -0.001  0.036 -0.685 -0.632 -0.282 -0.097 -0.359 2.819E+07
 26000. 7.0  0.276  6.016 -2.776  7.551  8.623  8.792  8.898  9.020  9.324  9.420  9.495  8.390  8.571  8.986  9.318  9.622  8.781 -0.060 -0.044  0.001 -0.698 -0.652 -0.335 -0.138 -0.378 2.284E+07
 28000. 7.0  0.286  5.656 -2.986  7.352  8.452  8.642  8.753  8.883  9.200  9.301  9.379  8.192  8.408  8.839  9.179  9.489  8.634 -0.072 -0.086 -0.029 -0.710 -0.667 -0.386 -0.178 -0.391 1.881E+07
 30000. 7.0  0.296  5.319 -3.180  7.166  8.291  8.499  8.614  8.753  9.081  9.185  9.267  8.006  8.254  8.700  9.046  9.361  8.493 -0.080 -0.125 -0.054 -0.720 -0.681 -0.430 -0.215 -0.402 1.571E+07
  3500. 7.5  0.313 15.839 -2.103 21.242 20.021 17.942 16.548 15.314 14.015 13.503 13.215 22.122 19.050 17.060 16.056 15.439 17.963  1.493  3.407  2.921  2.228  2.763  4.197  3.038  2.174 5.306E+09
  3750. 7.5  0.313 15.538 -1.642 20.155 19.086 17.180 15.946 14.847 13.760 13.322 13.074 21.025 18.190 16.394 15.534 15.034 17.189  1.368  3.174  2.696  1.923  2.455  3.865  2.815  1.984 4.366E+09
  4000. 7.5  0.313 15.257 -1.247 19.158 18.237 16.504 15.421 14.455 13.548 13.169 12.953 20.019 17.414 15.814 15.091 14.696 16.502  1.244  2.946  2.472  1.630  2.150  3.539  2.598  1.794 3.845E+09
  4250. 7.5  0.314 14.992 -0.913 18.231 17.462 15.906 14.967 14.125 13.370 13.039 12.849 19.084 16.714 15.310 14.717 14.414 15.896  1.116  2.715  2.242  1.352  1.848  3.205  2.375  1.599 3.428E+09
  4500. 7.5  0.314 14.743 -0.639 17.364 16.754 15.381 14.577 13.849 13.220 12.928 12.760 18.209 16.084 14.879 14.403 14.178 15.366  0.984  2.468  2.001  1.094  1.551  2.854  2.139  1.395 3.027E+09
  4750. 7.5  0.315 14.506 -0.426 16.557 16.119 14.932 14.248 13.620 13.092 12.832 12.681 17.394 15.528 14.516 14.142 13.981 14.913  0.853  2.202  1.755  0.867  1.272  2.485  1.885  1.188 2.641E+09
  5000. 7.5  0.316 14.281 -0.276 15.826 15.568 14.556 13.973 13.428 12.980 12.745 12.609 16.656 15.052 14.215 13.925 13.815 14.537  0.732  1.924  1.519  0.679  1.029  2.118  1.624  0.990 2.337E+09
  5250. 7.5  0.316 14.066 -0.179 15.189 15.105 14.245 13.741 13.261 12.878 12.664 12.541 16.013 14.655 13.964 13.739 13.668 14.226  0.631  1.658  1.312  0.531  0.832  1.782  1.376  0.820 2.079E+09
  5500. 7.5  0.317 13.860 -0.122 14.652 14.720 13.983 13.540 13.112 12.780 12.585 12.474 15.473 14.323 13.748 13.574 13.535 13.965  0.551  1.425  1.146  0.416  0.679  1.500  1.163  0.683 1.829E+09
  6000. 7.5  0.321 13.470 -0.081 13.825 14.118 13.551 13.194 12.841 12.591 12.428 12.339 14.644 13.793 13.382 13.281 13.289 13.536  0.442  1.089  0.916  0.255  0.466  1.102  0.860  0.495 1.319E+09
  6500. 7.5  0.323 13.114 -0.083 13.220 13.654 13.197 12.898 12.602 12.418 12.283 12.213 14.039 13.374 13.072 13.024 13.068 13.184  0.371  0.879  0.770  0.140  0.324  0.852  0.671  0.376 1.062E+09
  7000. 7.5  0.325 12.786 -0.109 12.744 13.273 12.895 12.640 12.388 12.261 12.150 12.096 13.564 13.024 12.804 12.797 12.870 12.884  0.320  0.738  0.667  0.052  0.218  0.681  0.545  0.291 8.905E+08
  7500. 7.5  0.327 12.480 -0.145 12.340 12.940 12.625 12.406 12.192 12.113 12.025 11.986 13.161 12.716 12.561 12.589 12.688 12.615  0.280  0.633  0.587 -0.022  0.132  0.550  0.449  0.225 7.556E+08
  8000. 7.5  0.329 12.194 -0.190 11.989 12.647 12.384 12.195 12.014 11.978 11.909 11.884 12.811 12.443 12.343 12.400 12.521 12.375  0.246  0.546  0.520 -0.085  0.059  0.442  0.371  0.170 6.466E+08
  8500. 7.5  0.331 11.924 -0.245 11.677 12.387 12.169 12.007 11.855 11.856 11.804 11.793 12.500 12.200 12.149 12.232 12.373 12.162  0.216  0.470  0.461 -0.140 -0.005  0.347  0.302  0.121 5.572E+08
  9000. 7.5  0.333 11.669 -0.310 11.398 12.154 11.979 11.840 11.714 11.748 11.711 11.710 12.222 11.984 11.976 12.083 12.240 11.972  0.189  0.401  0.408 -0.190 -0.063  0.261  0.239  0.077 4.830E+08
  9500. 7.5  0.335 11.427 -0.381 11.148 11.947 11.809 11.691 11.588 11.651 11.627 11.636 11.973 11.790 11.823 11.950 12.122 11.803  0.165  0.338  0.360 -0.233 -0.114  0.184  0.183  0.038 4.207E+08
 10000. 7.5  0.337 11.198 -0.458 10.924 11.761 11.656 11.558 11.475 11.564 11.552 11.570 11.750 11.617 11.685 11.831 12.017 11.651  0.144  0.283  0.317 -0.273 -0.160  0.115  0.133  0.002 3.679E+08
 11000. 7.5  0.341 10.773 -0.610 10.538 11.435 11.383 11.316 11.265 11.397 11.405 11.436 11.365 11.310 11.437 11.612 11.819 11.378  0.110  0.195  0.251 -0.337 -0.236  0.007  0.054 -0.055 2.838E+08
 12000. 7.5  0.344 10.385 -0.772 10.219 11.165 11.157 11.117 11.094 11.262 11.287 11.329 11.047 11.056 11.232 11.432 11.658 11.153  0.081  0.123  0.197 -0.393 -0.301 -0.081 -0.009 -0.104 2.207E+08
 13000. 7.5  0.347 10.028 -0.929  9.949 10.932 10.957 10.940 10.940 11.139 11.178 11.229 10.778 10.835 11.051 11.272 11.512 10.953  0.059  0.071  0.156 -0.440 -0.355 -0.146 -0.054 -0.146 1.723E+08
 14000. 7.5  0.350  9.697 -1.079  9.716 10.725 10.775 10.778 10.798 11.023 11.074 11.133 10.546 10.637 10.884 11.124 11.378 10.770  0.040  0.035  0.127 -0.481 -0.401 -0.192 -0.084 -0.181 1.355E+08
 15000. 7.5  0.353  9.388 -1.217  9.511 10.537 10.605 10.625 10.662 10.909 10.971 11.036 10.343 10.454 10.728 10.983 11.248 10.597  0.026  0.015  0.109 -0.519 -0.443 -0.220 -0.099 -0.212 1.072E+08
 17000. 7.5  0.359  8.825 -1.476  9.172 10.214 10.301 10.352 10.416 10.691 10.771 10.845 10.005 10.137 10.450 10.730 11.010 10.287  0.007  0.001  0.095 -0.585 -0.511 -0.241 -0.103 -0.260 6.913E+07
 18000. 7.5  0.363  8.567 -1.607  9.033 10.080 10.173 10.237 10.312 10.594 10.681 10.758  9.867 10.004 10.334 10.623 10.908 10.156  0.001 -0.002  0.092 -0.613 -0.540 -0.245 -0.102 -0.278 5.662E+07
 20000. 7.5  0.369  8.090 -1.884  8.807  9.865  9.974 10.058 10.150 10.441 10.538 10.616  9.643  9.794 10.152 10.457 10.750  9.952 -0.011 -0.013  0.080 -0.655 -0.585 -0.261 -0.106 -0.308 3.945E+07
 22000. 7.5  0.376  7.657 -2.214  8.687  9.751  9.871  9.965 10.067 10.361 10.460 10.536  9.524  9.683 10.057 10.371 10.668  9.849 -0.021 -0.021  0.068 -0.675 -0.608 -0.274 -0.111 -0.326 3.237E+07
 24000. 7.5  0.382  7.261 -2.535  8.595  9.665  9.796  9.895 10.001 10.297 10.393 10.467  9.433  9.601  9.985 10.304 10.604  9.776 -0.030 -0.031  0.053 -0.684 -0.621 -0.291 -0.120 -0.340 2.298E+07
 26000. 7.5  0.388  6.897 -2.778  8.434  9.522  9.675  9.780  9.897 10.201 10.300 10.375  9.272  9.465  9.869 10.196 10.502  9.657 -0.045 -0.059  0.025 -0.698 -0.643 -0.330 -0.147 -0.362 1.748E+07
 28000. 7.5  0.393  6.559 -2.988  8.261  9.373  9.547  9.659  9.786 10.103 10.205 10.283  9.101  9.324  9.746 10.082 10.394  9.533 -0.059 -0.095 -0.006 -0.711 -0.661 -0.377 -0.181 -0.379 1.393E+07
 30000. 7.5  0.399  6.245 -3.183  8.098  9.233  9.427  9.543  9.678 10.007 10.112 10.194  8.938  9.192  9.629  9.972 10.290  9.416 -0.069 -0.131 -0.033 -0.722 -0.676 -0.421 -0.216 -0.392 1.136E+07
  3500. 8.0  0.569 16.440 -1.780 21.421 20.220 18.219 16.940 15.814 14.664 14.180 13.894 22.300 19.276 17.402 16.511 15.988 18.231  1.433  3.379  2.836  2.000  2.569  4.112  3.006  2.099 9.361E+09
  3750. 8.0  0.569 16.140 -1.376 20.350 19.325 17.516 16.394 15.395 14.418 13.995 13.745 21.218 18.465 16.799 16.044 15.621 17.516  1.294  3.110  2.582  1.704  2.246  3.734  2.749  1.884 8.876E+09
  4000. 8.0  0.569 15.859 -1.039 19.379 18.521 16.899 15.918 15.037 14.207 13.835 13.615 20.236 17.742 16.275 15.644 15.308 16.890  1.161  2.850  2.337  1.434  1.942  3.369  2.500  1.677 8.345E+09
  4250. 8.0  0.569 15.596 -0.765 18.495 17.804 16.361 15.508 14.733 14.026 13.697 13.502 19.343 17.102 15.825 15.304 15.041 16.347  1.033  2.593  2.097  1.192  1.658  3.012  2.255  1.475 7.750E+09
  4500. 8.0  0.570 15.347 -0.546 17.685 17.162 15.893 15.153 14.472 13.869 13.575 13.402 18.525 16.536 15.438 15.013 14.813 15.876  0.910  2.334  1.864  0.978  1.397  2.658  2.009  1.279 7.165E+09
  4750. 8.0  0.570 15.112 -0.378 16.948 16.594 15.490 14.849 14.249 13.733 13.469 13.315 17.782 16.039 15.107 14.764 14.617 15.471  0.796  2.073  1.642  0.793  1.164  2.313  1.763  1.093 6.606E+09
  5000. 8.0  0.570 14.888 -0.256 16.282 16.097 15.144 14.587 14.058 13.614 13.376 13.237 17.109 15.607 14.824 14.551 14.447 15.126  0.693  1.813  1.435  0.636  0.960  1.980  1.520  0.921 5.978E+09
  5250. 8.0  0.571 14.675 -0.175 15.695 15.669 14.850 14.362 13.890 13.507 13.290 13.165 16.518 15.238 14.581 14.366 14.299 14.832  0.605  1.570  1.255  0.507  0.789  1.679  1.296  0.773 5.022E+09
  5500. 8.0  0.572 14.472 -0.126 15.194 15.308 14.598 14.165 13.741 13.407 13.209 13.097 16.015 14.923 14.371 14.202 14.164 14.581  0.534  1.358  1.107  0.403  0.653  1.425  1.103  0.652 3.958E+09
  6000. 8.0  0.573 14.090 -0.091 14.416 14.735 14.181 13.827 13.475 13.223 13.058 12.967 15.235 14.416 14.015 13.915 13.922 14.166  0.435  1.052  0.897  0.250  0.456  1.063  0.827  0.481 2.548E+09
  6500. 8.0  0.575 13.740 -0.096 13.837 14.286 13.836 13.538 13.240 13.054 12.918 12.846 14.657 14.009 13.712 13.663 13.706 13.823  0.368  0.858  0.761  0.140  0.320  0.831  0.654  0.369 1.993E+09
  7000. 8.0  0.576 13.416 -0.120 13.369 13.908 13.536 13.282 13.029 12.900 12.788 12.734 14.189 13.662 13.445 13.438 13.511 13.524  0.318  0.723  0.660  0.051  0.215  0.666  0.532  0.286 1.649E+09
  7500. 8.0  0.577 13.114 -0.157 12.974 13.583 13.272 13.053 12.839 12.758 12.668 12.629 13.795 13.360 13.208 13.236 13.334 13.261  0.278  0.620  0.581 -0.023  0.129  0.538  0.439  0.221 1.394E+09
  8000. 8.0  0.578 12.832 -0.202 12.628 13.293 13.034 12.846 12.665 12.627 12.557 12.532 13.450 13.091 12.994 13.052 13.172 13.025  0.244  0.536  0.515 -0.086  0.056  0.432  0.362  0.166 1.185E+09
  8500. 8.0  0.579 12.567 -0.255 12.322 13.036 12.822 12.660 12.508 12.508 12.455 12.442 13.144 12.850 12.802 12.885 13.025 12.814  0.215  0.463  0.458 -0.141 -0.008  0.340  0.296  0.118 1.012E+09
  9000. 8.0  0.580 12.317 -0.316 12.048 12.807 12.633 12.495 12.368 12.401 12.364 12.362 12.872 12.637 12.631 12.738 12.895 12.626  0.188  0.397  0.406 -0.190 -0.064  0.258  0.236  0.076 8.703E+08
  9500. 8.0  0.581 12.080 -0.385 11.803 12.603 12.465 12.348 12.244 12.307 12.283 12.291 12.628 12.446 12.479 12.607 12.779 12.459  0.165  0.337  0.359 -0.233 -0.115  0.183  0.182  0.037 7.558E+08
 10000. 8.0  0.582 11.855 -0.460 11.583 12.420 12.315 12.217 12.134 12.223 12.211 12.228 12.409 12.276 12.344 12.490 12.676 12.311  0.143  0.282  0.317 -0.272 -0.160  0.115  0.132  0.002 6.615E+08
 11000. 8.0  0.584 11.437 -0.612 11.203 12.100 12.049 11.982 11.931 12.062 12.070 12.101 12.030 11.976 12.103 12.277 12.485 12.045  0.110  0.194  0.250 -0.337 -0.236  0.006  0.053 -0.054 5.143E+08
 12000. 8.0  0.586 11.056 -0.774 10.889 11.837 11.830 11.790 11.765 11.933 11.958 12.000 11.717 11.729 11.905 12.104 12.329 11.825  0.081  0.121  0.195 -0.392 -0.300 -0.084 -0.012 -0.103 4.060E+08
 13000. 8.0  0.588 10.705 -0.934 10.625 11.612 11.639 11.621 11.619 11.818 11.856 11.907 11.454 11.516 11.732 11.951 12.192 11.634  0.059  0.065  0.154 -0.438 -0.354 -0.152 -0.061 -0.143 3.247E+08
 14000. 8.0  0.590 10.380 -1.087 10.398 11.414 11.466 11.468 11.486 11.710 11.760 11.819 11.228 11.327 11.575 11.812 12.065 11.461  0.041  0.024  0.124 -0.478 -0.399 -0.202 -0.095 -0.178 2.617E+08
 15000. 8.0  0.592 10.077 -1.229 10.198 11.235 11.306 11.324 11.358 11.604 11.665 11.730 11.029 11.154 11.428 11.680 11.944 11.298  0.028 -0.003  0.104 -0.514 -0.439 -0.235 -0.116 -0.208 2.121E+08
 17000. 8.0  0.595  9.527 -1.486  9.863 10.924 11.013 11.061 11.120 11.395 11.474 11.549 10.695 10.849 11.160 11.435 11.714 10.999  0.012 -0.028  0.089 -0.576 -0.502 -0.264 -0.131 -0.252 1.410E+08
 18000. 8.0  0.597  9.276 -1.612  9.724 10.793 10.887 10.947 11.016 11.299 11.384 11.463 10.557 10.719 11.045 11.328 11.613 10.869  0.007 -0.034  0.087 -0.602 -0.528 -0.270 -0.133 -0.268 1.153E+08
 20000. 8.0  0.600  8.812 -1.873  9.494 10.578 10.685 10.766 10.850 11.141 11.237 11.317 10.329 10.509 10.861 11.159 11.451 10.662 -0.001 -0.050  0.078 -0.644 -0.570 -0.287 -0.141 -0.294 7.631E+07
 22000. 8.0  0.604  8.392 -2.163  9.336 10.434 10.555 10.648 10.744 11.043 11.144 11.224 10.172 10.369 10.741 11.050 11.349 10.530 -0.011 -0.068  0.063 -0.671 -0.599 -0.309 -0.155 -0.314 4.965E+07
 24000. 8.0  0.607  8.007 -2.487  9.262 10.365 10.495 10.593 10.695 10.997 11.098 11.178 10.099 10.303 10.685 10.999 11.301 10.471 -0.018 -0.077  0.053 -0.682 -0.612 -0.322 -0.162 -0.325 3.212E+07
 26000. 8.0  0.611  7.653 -2.765  9.163 10.276 10.418 10.523 10.631 10.939 11.040 11.119 10.001 10.218 10.613 10.933 11.239 10.396 -0.028 -0.091  0.037 -0.693 -0.628 -0.343 -0.175 -0.340 2.128E+07
 28000. 8.0  0.614  7.325 -2.989  9.024 10.153 10.314 10.426 10.545 10.862 10.966 11.046  9.863 10.101 10.514 10.844 11.156 10.294 -0.042 -0.115  0.013 -0.710 -0.650 -0.377 -0.197 -0.361 1.478E+07
 30000. 8.0  0.618  7.020 -3.185  8.877 10.024 10.205 10.323 10.452 10.781 10.887 10.970  9.716  9.980 10.410 10.748 11.066 10.188 -0.055 -0.145 -0.014 -0.723 -0.669 -0.417 -0.225 -0.378 1.083E+07
  3500. 8.5  0.898 17.194 -1.483 21.643 20.531 18.677 17.535 16.517 15.471 15.000 14.712 22.518 19.647 17.947 17.175 16.729 18.678  1.324  3.245  2.655  1.743  2.295  3.882  2.872  1.942 8.525E+09
  3750. 8.5  0.898 16.894 -1.140 20.604 19.687 18.034 17.035 16.130 15.228 14.810 14.556 21.466 18.893 17.400 16.747 16.384 18.026  1.180  2.943  2.384  1.476  1.981  3.469  2.584  1.714 8.343E+09
  4000. 8.5  0.898 16.614 -0.863 19.682 18.948 17.477 16.600 15.795 15.015 14.644 14.419 20.534 18.234 16.927 16.379 16.086 17.464  1.051  2.662  2.137  1.245  1.705  3.089  2.316  1.506 8.140E+09
  4250. 8.5  0.898 16.350 -0.644 18.862 18.298 16.995 16.224 15.506 14.831 14.500 14.300 19.704 17.658 16.520 16.061 15.829 16.978  0.934  2.397  1.910  1.046  1.460  2.736  2.066  1.317 7.909E+09
  4500. 8.5  0.899 16.102 -0.471 18.121 17.723 16.573 15.895 15.254 14.669 14.371 14.193 18.956 17.149 16.165 15.784 15.603 16.556  0.827  2.142  1.700  0.872  1.243  2.403  1.826  1.142 7.657E+09
  4750. 8.5  0.899 15.867 -0.340 17.461 17.219 16.207 15.607 15.034 14.525 14.257 14.098 18.290 16.705 15.857 15.542 15.406 16.189  0.734  1.902  1.512  0.724  1.055  2.099  1.603  0.986 7.371E+09
  5000. 8.5  0.899 15.644 -0.243 16.871 16.775 15.888 15.355 14.840 14.397 14.155 14.012 17.695 16.315 15.587 15.330 15.232 15.870  0.651  1.677  1.344  0.595  0.891  1.819  1.395  0.847 7.083E+09
  5250. 8.5  0.899 15.432 -0.176 16.348 16.387 15.608 15.133 14.669 14.283 14.063 13.935 17.170 15.973 15.351 15.143 15.077 15.591  0.580  1.473  1.197  0.486  0.750  1.571  1.208  0.727 6.755E+09
  5500. 8.5  0.899 15.230 -0.133 15.891 16.048 15.363 14.937 14.515 14.179 13.979 13.864 16.711 15.675 15.142 14.977 14.939 15.347  0.520  1.294  1.072  0.393  0.631  1.356  1.047  0.624 6.296E+09
  6000. 8.5  0.900 14.851 -0.100 15.157 15.495 14.951 14.599 14.247 13.992 13.826 13.734 15.977 15.180 14.786 14.687 14.694 14.936  0.430  1.024  0.884  0.248  0.449  1.035  0.804  0.471 5.283E+09
  6500. 8.5  0.900 14.503 -0.105 14.594 15.053 14.607 14.310 14.012 13.824 13.687 13.614 15.414 14.778 14.484 14.435 14.478 14.595  0.366  0.844  0.755  0.140  0.318  0.817  0.642  0.364 4.383E+09
  7000. 8.5  0.901 14.180 -0.129 14.134 14.680 14.310 14.055 13.802 13.671 13.559 13.503 14.954 14.435 14.219 14.211 14.284 14.298  0.317  0.714  0.657  0.052  0.214  0.657  0.525  0.284 3.693E+09
  7500. 8.5  0.901 13.880 -0.167 13.741 14.355 14.047 13.829 13.614 13.532 13.441 13.401 14.562 14.134 13.984 14.011 14.109 14.037  0.276  0.612  0.577 -0.023  0.127  0.530  0.432  0.218 3.180E+09
  8000. 8.5  0.902 13.599 -0.213 13.397 14.068 13.812 13.625 13.443 13.404 13.333 13.306 14.219 13.867 13.772 13.830 13.950 13.803  0.242  0.528  0.511 -0.087  0.054  0.423  0.355  0.163 2.744E+09
  8500. 8.5  0.902 13.335 -0.265 13.093 13.812 13.601 13.440 13.288 13.287 13.233 13.219 13.916 13.628 13.581 13.665 13.805 13.593  0.213  0.456  0.453 -0.142 -0.010  0.332  0.290  0.115 2.361E+09
  9000. 8.5  0.903 13.087 -0.325 12.821 13.583 13.412 13.274 13.147 13.180 13.141 13.139 13.645 13.414 13.410 13.517 13.674 13.405  0.187  0.392  0.403 -0.191 -0.066  0.252  0.232  0.073 2.023E+09
  9500. 8.5  0.903 12.851 -0.391 12.577 13.379 13.243 13.126 13.022 13.084 13.060 13.067 13.402 13.223 13.257 13.385 13.557 13.237  0.164  0.334  0.358 -0.234 -0.116  0.179  0.179  0.036 1.726E+09
 10000. 8.5  0.903 12.628 -0.464 12.358 13.196 13.092 12.994 12.911 12.999 12.987 13.003 13.184 13.052 13.121 13.267 13.453 13.088  0.143  0.281  0.316 -0.273 -0.161  0.113  0.131  0.002 1.467E+09
 11000. 8.5  0.904 12.213 -0.614 11.980 12.877 12.827 12.760 12.709 12.840 12.848 12.878 12.807 12.753 12.881 13.055 13.262 12.823  0.109  0.193  0.249 -0.337 -0.235  0.005  0.052 -0.054 1.055E+09
 12000. 8.5  0.905 11.834 -0.776 11.668 12.617 12.610 12.570 12.545 12.713 12.737 12.779 12.496 12.508 12.686 12.884 13.109 12.606  0.081  0.119  0.194 -0.391 -0.299 -0.086 -0.014 -0.102 8.196E+08
 13000. 8.5  0.906 11.485 -0.938 11.405 12.395 12.423 12.406 12.403 12.601 12.639 12.690 12.235 12.299 12.517 12.735 12.975 12.418  0.059  0.061  0.151 -0.437 -0.353 -0.157 -0.065 -0.142 6.675E+08
 14000. 8.5  0.907 11.163 -1.094 11.180 12.202 12.257 12.258 12.274 12.497 12.547 12.605 12.010 12.116 12.366 12.601 12.853 12.251  0.041  0.016  0.119 -0.476 -0.398 -0.211 -0.103 -0.176 5.520E+08
 15000. 8.5  0.908 10.862 -1.240 10.983 12.029 12.103 12.121 12.152 12.398 12.457 12.522 11.813 11.949 12.225 12.475 12.738 12.095  0.028 -0.017  0.097 -0.511 -0.437 -0.249 -0.130 -0.204 4.591E+08
 17000. 8.5  0.909 10.317 -1.502 10.647 11.725 11.818 11.864 11.920 12.197 12.274 12.350 11.479 11.652 11.964 12.236 12.514 11.804  0.014 -0.053  0.079 -0.570 -0.497 -0.287 -0.155 -0.246 3.262E+08
 18000. 8.5  0.910 10.068 -1.623 10.505 11.592 11.690 11.748 11.812 12.098 12.182 12.262 11.337 11.521 11.847 12.126 12.409 11.672  0.011 -0.063  0.077 -0.595 -0.521 -0.295 -0.161 -0.260 2.779E+08
 20000. 8.5  0.912  9.608 -1.870 10.264 11.370 11.478 11.556 11.632 11.927 12.020 12.103 11.098 11.302 11.652 11.944 12.235 11.453  0.006 -0.083  0.072 -0.635 -0.559 -0.311 -0.173 -0.282 2.042E+08
 22000. 8.5  0.913  9.192 -2.133 10.079 11.203 11.325 11.418 11.506 11.808 11.908 11.991 10.914 11.141 11.512 11.814 12.113 11.299 -0.002 -0.106  0.056 -0.664 -0.590 -0.337 -0.192 -0.301 1.524E+08
 24000. 8.5  0.915  8.813 -2.426  9.970 11.105 11.239 11.339 11.436 11.745 11.847 11.931 10.806 11.047 11.432 11.742 12.045 11.212 -0.010 -0.122  0.043 -0.680 -0.608 -0.358 -0.205 -0.315 1.147E+08
 26000. 8.5  0.916  8.463 -2.723  9.902 11.043 11.186 11.290 11.393 11.706 11.809 11.893 10.738 10.988 11.382 11.697 12.003 11.160 -0.016 -0.133  0.033 -0.690 -0.619 -0.372 -0.214 -0.324 8.623E+07
 28000. 8.5  0.918  8.139 -2.973  9.806 10.957 11.112 11.223 11.333 11.653 11.758 11.842 10.643 10.906 11.313 11.635 11.946 11.088 -0.026 -0.148  0.018 -0.703 -0.636 -0.393 -0.228 -0.339 6.432E+07
 30000. 8.5  0.920  7.838 -3.183  9.686 10.850 11.021 11.139 11.260 11.589 11.696 11.782 10.523 10.805 11.227 11.558 11.875 10.998 -0.037 -0.168 -0.002 -0.720 -0.657 -0.421 -0.245 -0.357 4.722E+07
  3500. 9.0  1.186 18.142 -1.273 22.058 21.095 19.416 18.392 17.454 16.467 16.000 15.708 22.923 20.288 18.768 18.086 17.689 19.409  1.196  3.017  2.421  1.533  2.027  3.548  2.649  1.744 5.391E+09
  3750. 9.0  1.186 17.843 -0.977 21.059 20.304 18.820 17.920 17.081 16.221 15.805 15.546 21.911 19.585 18.258 17.680 17.354 18.808  1.060  2.694  2.153  1.301  1.743  3.123  2.343  1.520 5.326E+09
  4000. 9.0  1.186 17.562 -0.751 20.208 19.633 18.313 17.515 16.761 16.008 15.635 15.405 21.050 18.987 17.823 17.331 17.064 18.298  0.946  2.415  1.928  1.110  1.508  2.762  2.081  1.332 5.248E+09
  4250. 9.0  1.186 17.299 -0.571 19.458 19.045 17.870 17.159 16.479 15.820 15.485 15.281 20.293 18.463 17.442 17.024 16.810 17.854  0.847  2.164  1.730  0.944  1.305  2.442  1.847  1.168 5.162E+09
  4500. 9.0  1.186 17.051 -0.430 18.792 18.527 17.481 16.845 16.231 15.653 15.352 15.170 19.622 18.001 17.106 16.754 16.585 17.463  0.760  1.936  1.556  0.800  1.127  2.155  1.636  1.024 5.075E+09
  4750. 9.0  1.186 16.816 -0.321 18.199 18.069 17.137 16.567 16.010 15.504 15.232 15.069 19.024 17.592 16.810 16.515 16.385 17.119  0.684  1.730  1.401  0.675  0.971  1.898  1.446  0.896 4.986E+09
  5000. 9.0  1.186 16.593 -0.240 17.673 17.665 16.833 16.320 15.814 15.371 15.125 14.979 18.496 17.231 16.548 16.303 16.207 16.816  0.618  1.545  1.266  0.565  0.836  1.671  1.277  0.784 4.885E+09
  5250. 9.0  1.186 16.381 -0.181 17.205 17.305 16.563 16.099 15.639 15.250 15.027 14.897 18.026 16.909 16.314 16.113 16.048 16.546  0.559  1.380  1.146  0.470  0.718  1.471  1.127  0.687 4.776E+09
  5500. 9.0  1.186 16.179 -0.139 16.784 16.982 16.319 15.898 15.479 15.140 14.937 14.821 17.604 16.619 16.103 15.940 15.902 16.303  0.508  1.234  1.041  0.385  0.613  1.293  0.994  0.600 4.639E+09
  6000. 9.0  1.186 15.801 -0.108 16.094 16.447 15.909 15.558 15.205 14.949 14.781 14.688 16.914 16.135 15.745 15.646 15.652 15.895  0.426  1.002  0.875  0.248  0.446  1.014  0.786  0.464 4.293E+09
  6500. 9.0  1.186 15.453 -0.111 15.542 16.008 15.564 15.267 14.968 14.779 14.641 14.568 16.363 15.734 15.441 15.392 15.434 15.551  0.365  0.835  0.751  0.140  0.317  0.809  0.634  0.362 3.914E+09
  7000. 9.0  1.186 15.131 -0.135 15.085 15.635 15.266 15.012 14.759 14.627 14.513 14.458 15.906 15.391 15.176 15.168 15.240 15.255  0.316  0.709  0.655  0.052  0.213  0.652  0.520  0.282 3.545E+09
  7500. 9.0  1.186 14.832 -0.173 14.694 15.312 15.005 14.787 14.572 14.489 14.397 14.357 15.515 15.091 14.942 14.969 15.067 14.995  0.276  0.607  0.575 -0.023  0.127  0.525  0.428  0.216 3.282E+09
  8000. 9.0  1.187 14.551 -0.221 14.351 15.027 14.772 14.585 14.404 14.363 14.291 14.264 15.174 14.826 14.733 14.790 14.910 14.763  0.241  0.522  0.508 -0.087  0.053  0.418  0.350  0.160 3.062E+09
  8500. 9.0  1.187 14.288 -0.275 14.048 14.772 14.563 14.403 14.250 14.248 14.193 14.178 14.871 14.589 14.544 14.628 14.768 14.555  0.212  0.449  0.450 -0.142 -0.012  0.326  0.284  0.112 2.845E+09
  9000. 9.0  1.187 14.040 -0.335 13.777 14.544 14.374 14.237 14.111 14.142 14.102 14.099 14.601 14.375 14.373 14.481 14.637 14.368  0.186  0.386  0.400 -0.191 -0.068  0.246  0.227  0.071 2.635E+09
  9500. 9.0  1.187 13.805 -0.400 13.534 14.339 14.204 14.088 13.984 14.045 14.020 14.027 14.359 14.184 14.219 14.347 14.519 14.199  0.163  0.329  0.355 -0.234 -0.117  0.174  0.175  0.034 2.440E+09
 10000. 9.0  1.187 13.582 -0.470 13.315 14.155 14.052 13.954 13.871 13.959 13.946 13.962 14.141 14.011 14.081 14.227 14.413 14.048  0.142  0.278  0.315 -0.273 -0.162  0.110  0.129  0.000 2.262E+09
 11000. 9.0  1.187 13.168 -0.617 12.936 13.834 13.784 13.717 13.666 13.797 13.805 13.835 13.763 13.710 13.838 14.013 14.220 13.780  0.109  0.192  0.248 -0.337 -0.235  0.003  0.051 -0.055 1.949E+09
 12000. 9.0  1.188 12.790 -0.778 12.624 13.573 13.568 13.528 13.503 13.670 13.694 13.736 13.452 13.465 13.643 13.841 14.066 13.564  0.081  0.118  0.192 -0.391 -0.299 -0.088 -0.015 -0.102 1.683E+09
 13000. 9.0  1.188 12.442 -0.941 12.361 13.352 13.382 13.365 13.361 13.559 13.597 13.647 13.191 13.257 13.476 13.693 13.933 13.378  0.058  0.058  0.148 -0.436 -0.352 -0.161 -0.068 -0.141 1.458E+09
 14000. 9.0  1.188 12.120 -1.099 12.137 13.162 13.219 13.221 13.235 13.458 13.507 13.565 12.967 13.076 13.329 13.561 13.814 13.213  0.041  0.010  0.115 -0.475 -0.398 -0.218 -0.109 -0.173 1.268E+09
 15000. 9.0  1.188 11.820 -1.250 11.940 12.992 13.070 13.088 13.118 13.362 13.421 13.485 12.771 12.914 13.193 13.440 13.703 13.063  0.027 -0.026  0.090 -0.509 -0.437 -0.260 -0.140 -0.201 1.100E+09
 17000. 9.0  1.189 11.276 -1.520 11.606 12.696 12.796 12.841 12.894 13.172 13.248 13.323 12.438 12.626 12.942 13.211 13.488 12.782  0.013 -0.073  0.066 -0.566 -0.496 -0.309 -0.175 -0.242 8.220E+08
 18000. 9.0  1.189 11.027 -1.641 11.461 12.563 12.668 12.726 12.786 13.075 13.158 13.238 12.293 12.495 12.825 13.101 13.384 12.651  0.011 -0.087  0.064 -0.590 -0.519 -0.319 -0.184 -0.255 7.059E+08
 20000. 9.0  1.190 10.569 -1.875 11.210 12.333 12.444 12.523 12.592 12.891 12.985 13.070 12.043 12.268 12.620 12.905 13.195 12.419  0.010 -0.110  0.061 -0.628 -0.555 -0.335 -0.200 -0.273 5.107E+08
 22000. 9.0  1.190 10.155 -2.119 11.007 12.150 12.274 12.367 12.447 12.753 12.851 12.937 11.841 12.090 12.462 12.758 13.054 12.246  0.004 -0.136  0.048 -0.657 -0.584 -0.360 -0.220 -0.289 3.729E+08
 24000. 9.0  1.191  9.776 -2.378 10.856 12.015 12.154 12.258 12.348 12.662 12.764 12.851 11.691 11.961 12.351 12.656 12.959 12.127 -0.005 -0.159  0.031 -0.678 -0.606 -0.388 -0.241 -0.305 2.805E+08
 26000. 9.0  1.191  9.428 -2.661 10.772 11.940 12.089 12.197 12.295 12.615 12.719 12.807 11.608 11.889 12.289 12.600 12.907 12.062 -0.011 -0.173  0.019 -0.690 -0.620 -0.405 -0.253 -0.315 2.260E+08
 28000. 9.0  1.192  9.106 -2.931 10.704 11.880 12.037 12.149 12.253 12.578 12.684 12.772 11.541 11.831 12.240 12.556 12.867 12.010 -0.017 -0.183  0.010 -0.700 -0.631 -0.420 -0.262 -0.324 1.843E+08
 30000. 9.0  1.192  8.806 -3.162 10.616 11.801 11.968 12.087 12.198 12.530 12.639 12.728 11.452 11.756 12.177 12.499 12.814 11.942 -0.024 -0.198 -0.003 -0.714 -0.646 -0.439 -0.275 -0.337 1.509E+08
