    6   57  Pure hydrogen grid                                                                                                             Tue Feb 28 09:08:53 2006
 Teff  logg  M/Mo  Mbol     BC    U      B      V      R      I      J      H      K      u      g      r      i      z      y      b-y    u-b    v-y    V-I    G-R    U-V    U-G    B-V     Age
  1500. 7.0  0.150 19.064  1.003 21.163 19.920 18.061 17.897 19.767 20.346 20.057 22.334 22.048 19.001 17.779 19.783 20.053 18.014  1.353  3.456  2.748 -2.408  0.285  4.102  3.060  2.020 1.623E+10
  1750. 7.0  0.151 18.393  0.795 20.416 19.350 17.598 17.240 18.455 19.074 18.951 20.617 21.288 18.500 17.168 18.575 18.868 17.575  1.262  3.181  2.548 -1.432  0.794  3.759  2.800  1.852 1.338E+10
  2000. 7.0  0.151 17.812  0.569 19.795 18.884 17.243 16.724 17.357 17.965 17.982 19.165 20.656 18.094 16.725 17.559 17.858 17.229  1.179  2.937  2.370 -0.612  1.196  3.456  2.572  1.704 1.078E+10
  2250. 7.0  0.151 17.297  0.345 19.272 18.493 16.953 16.312 16.472 17.037 17.162 17.992 20.125 17.754 16.403 16.748 17.026 16.942  1.106  2.733  2.220  0.026  1.450  3.201  2.380  1.578 7.879E+09
  2500. 7.0  0.152 16.837  0.137 18.824 18.154 16.700 15.975 15.766 16.258 16.456 17.048 19.671 17.455 16.151 16.125 16.334 16.689  1.047  2.563  2.097  0.505  1.557  2.992  2.224  1.477 5.479E+09
  2750. 7.0  0.152 16.420 -0.050 18.424 17.851 16.470 15.692 15.217 15.576 15.821 16.233 19.266 17.187 15.934 15.660 15.755 16.459  0.997  2.413  1.993  0.834  1.577  2.811  2.086  1.392 3.943E+09
  3000. 7.0  0.152 16.039 -0.215 18.053 17.569 16.254 15.453 14.812 14.961 15.214 15.504 18.891 16.934 15.737 15.322 15.286 16.242  0.952  2.276  1.899  1.018  1.547  2.647  1.961  1.315 3.472E+09
  3250. 7.0  0.153 15.689 -0.350 17.692 17.290 16.039 15.243 14.520 14.406 14.626 14.825 18.527 16.684 15.545 15.071 14.921 16.027  0.909  2.151  1.811  1.085  1.488  2.495  1.846  1.243 3.145E+09
  3500. 7.0  0.153 15.362 -0.461 17.341 17.014 15.823 15.049 14.303 13.926 14.066 14.190 18.173 16.435 15.353 14.871 14.649 15.810  0.869  2.037  1.729  1.077  1.415  2.356  1.742  1.175 2.927E+09
  3750. 7.0  0.154 15.058 -0.535 16.978 16.723 15.593 14.850 14.115 13.530 13.549 13.597 17.808 16.170 15.148 14.683 14.434 15.579  0.828  1.927  1.648  1.030  1.334  2.220  1.642  1.108 2.803E+09
  4000. 7.0  0.155 14.771 -0.561 16.579 16.397 15.332 14.629 13.923 13.229 13.098 13.083 17.407 15.873 14.916 14.483 14.237 15.318  0.785  1.815  1.561  0.959  1.242  2.079  1.539  1.036 2.550E+09
  4250. 7.0  0.157 14.497 -0.537 16.131 16.028 15.033 14.376 13.711 13.005 12.732 12.675 16.957 15.533 14.650 14.257 14.035 15.018  0.736  1.695  1.467  0.871  1.139  1.927  1.429  0.958 2.229E+09
  4500. 7.0  0.159 14.235 -0.477 15.651 15.631 14.712 14.104 13.484 12.820 12.466 12.366 16.475 15.167 14.364 14.015 13.825 14.697  0.685  1.570  1.367  0.775  1.027  1.768  1.314  0.875 1.955E+09
  4750. 7.0  0.162 13.975 -0.403 15.157 15.220 14.379 13.820 13.247 12.639 12.266 12.145 15.980 14.789 14.066 13.763 13.605 14.363  0.633  1.445  1.265  0.677  0.914  1.606  1.198  0.790 1.674E+09
  5000. 7.0  0.168 13.717 -0.334 14.678 14.819 14.051 13.540 13.012 12.460 12.096 11.980 15.499 14.418 13.773 13.512 13.386 14.036  0.583  1.326  1.169  0.585  0.807  1.454  1.089  0.710 1.360E+09
  5250. 7.0  0.174 13.467 -0.278 14.231 14.445 13.744 13.276 12.789 12.288 11.944 11.841 15.052 14.071 13.499 13.276 13.178 13.729  0.538  1.217  1.082  0.500  0.709  1.314  0.989  0.636 1.147E+09
  5500. 7.0  0.179 13.230 -0.237 13.820 14.104 13.467 13.039 12.588 12.133 11.806 11.719 14.641 13.756 13.251 13.063 12.991 13.452  0.495  1.112  0.999  0.422  0.617  1.181  0.893  0.566 9.696E+08
  6000. 7.0  0.188 12.802 -0.199 13.111 13.522 13.001 12.643 12.259 11.877 11.582 11.525 13.932 13.221 12.839 12.712 12.684 12.987  0.417  0.923  0.850  0.285  0.452  0.942  0.722  0.438 7.762E+08
  6500. 7.0  0.192 12.428 -0.192 12.550 13.050 12.620 12.320 11.991 11.677 11.418 11.384 13.373 12.785 12.502 12.427 12.437 12.608  0.353  0.789  0.734  0.171  0.317  0.767  0.603  0.335 6.329E+08
  7000. 7.0  0.197 12.083 -0.202 12.091 12.645 12.284 12.031 11.750 11.498 11.278 11.262 12.916 12.405 12.202 12.171 12.214 12.273  0.302  0.707  0.647  0.076  0.206  0.652  0.534  0.255 5.182E+08
  7500. 7.0  0.201 11.761 -0.218 11.708 12.286 11.979 11.767 11.529 11.336 11.152 11.152 12.536 12.065 11.929 11.936 12.009 11.969  0.258  0.669  0.581 -0.008  0.109  0.586  0.506  0.189 4.253E+08
  8000. 7.0  0.205 11.459 -0.237 11.384 11.963 11.696 11.524 11.323 11.185 11.039 11.050 12.215 11.755 11.677 11.717 11.820 11.687  0.219  0.665  0.534 -0.085  0.022  0.558  0.512  0.137 3.464E+08
  8500. 7.0  0.209 11.174 -0.253 11.104 11.664 11.428 11.292 11.131 11.044 10.935 10.955 11.939 11.464 11.439 11.512 11.644 11.419  0.185  0.689  0.501 -0.162 -0.060  0.561  0.545  0.095 2.836E+08
  9000. 7.0  0.213 10.906 -0.269 10.859 11.388 11.175 11.076 10.950 10.913 10.837 10.866 11.697 11.194 11.215 11.319 11.479 11.166  0.154  0.732  0.480 -0.236 -0.137  0.584  0.594  0.062 2.318E+08
  9500. 7.0  0.217 10.652 -0.291 10.641 11.136 10.942 10.878 10.788 10.794 10.751 10.784 11.483 10.947 11.012 11.145 11.331 10.934  0.125  0.778  0.464 -0.308 -0.209  0.612  0.644  0.035 1.878E+08
 10000. 7.0  0.220 10.411 -0.332 10.449 10.920 10.744 10.711 10.654 10.695 10.677 10.713 11.293 10.734 10.839 11.000 11.206 10.736  0.100  0.810  0.450 -0.374 -0.274  0.626  0.679  0.011 1.524E+08
 10500. 7.0  0.223 10.185 -0.398 10.282 10.740 10.583 10.577 10.547 10.617 10.616 10.654 11.129 10.559 10.700 10.885 11.109 10.575  0.075  0.827  0.432 -0.429 -0.332  0.624  0.696 -0.015 1.239E+08
 11000. 7.0  0.226  9.969 -0.494 10.149 10.601 10.463 10.478 10.469 10.558 10.568 10.605 10.996 10.425 10.597 10.801 11.036 10.455  0.053  0.833  0.415 -0.472 -0.380  0.611  0.701 -0.038 9.931E+07
 11500. 7.0  0.229  9.763 -0.602 10.028 10.483 10.365 10.396 10.403 10.506 10.523 10.559 10.875 10.313 10.512 10.732 10.974 10.359  0.032  0.826  0.395 -0.504 -0.420  0.586  0.692 -0.063 7.990E+07
 12000. 7.0  0.231  9.566 -0.702  9.891 10.363 10.267 10.310 10.330 10.448 10.471 10.509 10.738 10.201 10.423 10.656 10.903 10.262  0.016  0.799  0.366 -0.530 -0.452  0.546  0.667 -0.090 6.589E+07
 12500. 7.0  0.234  9.376 -0.799  9.749 10.248 10.175 10.226 10.257 10.389 10.417 10.458 10.597 10.094 10.336 10.579 10.833 10.170  0.003  0.757  0.333 -0.548 -0.477  0.495  0.628 -0.116 5.545E+07
 13000. 7.0  0.237  9.194 -0.896  9.612 10.141 10.090 10.147 10.187 10.332 10.366 10.408 10.460  9.995 10.255 10.507 10.766 10.086 -0.007  0.712  0.301 -0.562 -0.496  0.443  0.586 -0.140 4.702E+07
 13500. 7.0  0.239  9.018 -0.990  9.476 10.038 10.008 10.070 10.121 10.277 10.316 10.360 10.323  9.900 10.176 10.438 10.703 10.005 -0.016  0.662  0.269 -0.577 -0.514  0.387  0.540 -0.162 3.995E+07
 14000. 7.0  0.242  8.848 -1.085  9.352  9.945  9.933 10.000 10.057 10.225 10.267 10.314 10.200  9.814 10.104 10.372 10.641  9.931 -0.023  0.617  0.243 -0.588 -0.528  0.338  0.498 -0.180 3.464E+07
 14500. 7.0  0.244  8.684 -1.177  9.234  9.857  9.861  9.932  9.996 10.174 10.220 10.269 10.082  9.733 10.035 10.309 10.582  9.860 -0.030  0.574  0.219 -0.597 -0.541  0.290  0.457 -0.196 2.999E+07
 15000. 7.0  0.247  8.525 -1.267  9.121  9.773  9.792  9.866  9.936 10.124 10.173 10.225  9.968  9.655  9.968 10.248 10.524  9.792 -0.036  0.531  0.197 -0.606 -0.552  0.245  0.417 -0.209 2.620E+07
 15500. 7.0  0.250  8.372 -1.353  9.012  9.692  9.725  9.803  9.878 10.076 10.129 10.182  9.859  9.580  9.903 10.189 10.469  9.725 -0.041  0.491  0.178 -0.615 -0.563  0.201  0.378 -0.222 2.306E+07
 16000. 7.0  0.252  8.223 -1.437  8.907  9.615  9.660  9.741  9.823 10.029 10.085 10.140  9.754  9.508  9.841 10.131 10.415  9.661 -0.046  0.452  0.160 -0.623 -0.572  0.160  0.342 -0.233 2.034E+07
 16500. 7.0  0.254  8.079 -1.519  8.806  9.541  9.598  9.682  9.769  9.984 10.042 10.099  9.653  9.438  9.780 10.076 10.363  9.599 -0.050  0.415  0.144 -0.632 -0.582  0.121  0.306 -0.243 1.805E+07
 17000. 7.0  0.257  7.939 -1.597  8.710  9.470  9.537  9.623  9.711  9.935  9.996 10.056  9.556  9.371  9.721 10.017 10.308  9.539 -0.054  0.380  0.129 -0.634 -0.589  0.084  0.273 -0.253 1.600E+07
 20000. 7.0  0.270  7.180 -2.029  8.208  9.091  9.209  9.310  9.424  9.689  9.764  9.832  9.055  9.012  9.404  9.721 10.029  9.213 -0.076  0.201  0.057 -0.669 -0.632 -0.107  0.102 -0.298 7.439E+06
 25000. 7.0  0.288  6.141 -2.606  7.527  8.561  8.747  8.868  9.011  9.330  9.424  9.509  8.373  8.511  8.956  9.299  9.628  8.753 -0.102 -0.005 -0.032 -0.717 -0.686 -0.326 -0.094 -0.355 2.546E+06
 30000. 7.0  0.304  5.291 -3.023  6.926  8.074  8.313  8.449  8.614  8.977  9.087  9.183  7.771  8.047  8.532  8.896  9.240  8.322 -0.120 -0.165 -0.102 -0.752 -0.726 -0.495 -0.246 -0.397 1.096E+06
 35000. 7.0  0.320  4.566 -3.388  6.460  7.680  7.954  8.094  8.270  8.655  8.770  8.868  7.305  7.669  8.176  8.549  8.900  7.964 -0.129 -0.268 -0.149 -0.767 -0.742 -0.602 -0.347 -0.419 5.757E+05
 40000. 7.0  0.338  3.925 -3.776  6.154  7.409  7.701  7.844  8.025  8.419  8.534  8.632  6.999  7.406  7.925  8.303  8.657  7.712 -0.134 -0.318 -0.173 -0.774 -0.751 -0.655 -0.395 -0.432 3.166E+05
 45000. 7.0  0.353  3.368 -4.149  5.938  7.212  7.517  7.662  7.845  8.244  8.360  8.457  6.782  7.214  7.741  8.122  8.478  7.527 -0.137 -0.348 -0.189 -0.778 -0.757 -0.687 -0.424 -0.440 1.857E+05
 50000. 7.0  0.366  2.869 -4.495  5.763  7.052  7.364  7.511  7.697  8.098  8.215  8.311  6.608  7.057  7.590  7.973  8.330  7.375 -0.140 -0.369 -0.200 -0.782 -0.762 -0.709 -0.445 -0.446 1.156E+05
 55000. 7.0  0.379  2.417 -4.815  5.613  6.912  7.231  7.379  7.567  7.971  8.088  8.184  6.458  6.921  7.458  7.842  8.200  7.243 -0.141 -0.385 -0.209 -0.784 -0.765 -0.726 -0.460 -0.451 7.754E+04
 60000. 7.0  0.394  1.999 -5.109  5.476  6.783  7.108  7.256  7.445  7.851  7.968  8.064  6.320  6.794  7.334  7.721  8.079  7.119 -0.143 -0.398 -0.216 -0.786 -0.768 -0.740 -0.472 -0.455 5.576E+04
 65000. 7.0  0.411  1.605 -5.381  5.342  6.657  6.985  7.135  7.325  7.733  7.850  7.946  6.187  6.669  7.213  7.600  7.959  6.997 -0.144 -0.408 -0.222 -0.788 -0.770 -0.751 -0.482 -0.458 4.709E+04
 70000. 7.0  0.430  1.233 -5.633  5.213  6.533  6.866  7.016  7.207  7.616  7.734  7.831  6.058  6.547  7.094  7.482  7.842  6.878 -0.145 -0.417 -0.227 -0.790 -0.772 -0.760 -0.491 -0.461 4.410E+04
 75000. 7.0  0.452  0.879 -5.868  5.085  6.411  6.746  6.897  7.089  7.500  7.618  7.715  5.930  6.426  6.975  7.364  7.724  6.759 -0.147 -0.425 -0.232 -0.792 -0.774 -0.768 -0.498 -0.463 3.458E+04
 80000. 7.0  0.472  0.552 -6.087  4.970  6.300  6.639  6.790  6.983  7.395  7.514  7.610  5.815  6.316  6.868  7.258  7.618  6.651 -0.147 -0.432 -0.236 -0.793 -0.776 -0.776 -0.504 -0.465 2.808E+04
 85000. 7.0  0.489  0.251 -6.293  4.869  6.202  6.544  6.696  6.890  7.303  7.422  7.519  5.714  6.220  6.773  7.164  7.525  6.556 -0.148 -0.437 -0.239 -0.794 -0.778 -0.782 -0.510 -0.468 2.660E+04
 90000. 7.0  0.506 -0.034 -6.487  4.771  6.108  6.452  6.605  6.800  7.214  7.333  7.430  5.617  6.127  6.682  7.074  7.435  6.465 -0.149 -0.443 -0.243 -0.796 -0.779 -0.788 -0.515 -0.469 2.945E+04
100000. 7.0  0.543 -0.569 -6.842  4.583  5.926  6.273  6.427  6.623  7.040  7.160  7.257  5.428  5.945  6.504  6.897  7.259  6.286 -0.151 -0.452 -0.248 -0.798 -0.782 -0.797 -0.523 -0.473 3.168E+04
110000. 7.0  0.576 -1.046 -7.163  4.418  5.765  6.117  6.272  6.469  6.888  7.008  7.106  5.263  5.787  6.348  6.742  7.106  6.129 -0.152 -0.459 -0.253 -0.801 -0.785 -0.805 -0.530 -0.475 1.863E+04
  1500. 7.5  0.317 19.506  1.099 21.247 20.118 18.407 18.430 20.551 21.091 20.755 23.156 22.123 19.248 18.304 20.542 20.801 18.334  1.256  3.277  2.583 -2.916 -0.208  3.853  2.892  1.885 1.581E+10
  1750. 7.5  0.317 18.836  0.896 20.529 19.572 17.939 17.735 19.158 19.727 19.566 21.313 21.394 18.767 17.643 19.273 19.541 17.900  1.184  3.010  2.405 -1.833  0.375  3.532  2.640  1.733 1.392E+10
  2000. 7.5  0.317 18.256  0.686 19.929 19.119 17.569 17.178 18.027 18.618 18.603 19.863 20.784 18.367 17.146 18.211 18.509 17.547  1.119  2.779  2.253 -0.981  0.859  3.258  2.425  1.607 1.234E+10
  2250. 7.5  0.317 17.744  0.468 19.431 18.746 17.276 16.740 17.098 17.665 17.760 18.645 20.279 18.037 16.786 17.347 17.644 17.261  1.061  2.587  2.124 -0.293  1.198  3.029  2.247  1.501 1.102E+10
  2500. 7.5  0.317 17.285  0.256 19.006 18.424 17.029 16.384 16.342 16.862 17.046 17.672 19.849 17.752 16.517 16.663 16.917 17.017  1.008  2.428  2.013  0.248  1.392  2.836  2.101  1.409 1.005E+10
  2750. 7.5  0.317 16.871  0.061 18.635 18.139 16.810 16.092 15.743 16.162 16.397 16.842 19.474 17.498 16.301 16.146 16.306 16.798  0.963  2.296  1.919  0.644  1.465  2.675  1.980  1.332 8.878E+09
  3000. 7.5  0.317 16.492 -0.109 18.290 17.870 16.601 15.845 15.288 15.538 15.799 16.113 19.126 17.256 16.106 15.765 15.798 16.589  0.922  2.179  1.836  0.891  1.466  2.533  1.873  1.263 7.765E+09
  3250. 7.5  0.318 16.144 -0.254 17.961 17.610 16.398 15.633 14.963 14.977 15.220 15.441 18.794 17.022 15.920 15.492 15.401 16.385  0.884  2.072  1.758  1.003  1.427  2.402  1.775  1.199 6.749E+09
  3500. 7.5  0.318 15.821 -0.370 17.634 17.348 16.191 15.440 14.727 14.479 14.664 14.817 18.465 16.784 15.735 15.280 15.101 16.177  0.847  1.973  1.685  1.023  1.367  2.279  1.684  1.138 5.702E+09
  3750. 7.5  0.319 15.519 -0.454 17.298 17.076 15.973 15.249 14.535 14.057 14.143 14.230 18.127 16.536 15.541 15.095 14.872 15.959  0.810  1.876  1.611  0.991  1.295  2.159  1.596  1.078 4.723E+09
  4000. 7.5  0.319 15.237 -0.498 16.937 16.781 15.736 15.046 14.354 13.728 13.676 13.699 17.765 16.265 15.329 14.908 14.678 15.721  0.771  1.777  1.534  0.932  1.213  2.033  1.505  1.014 4.157E+09
  4250. 7.5  0.320 14.972 -0.495 16.534 16.448 15.467 14.818 14.161 13.488 13.287 13.260 17.360 15.959 15.090 14.704 14.490 15.452  0.727  1.670  1.449  0.854  1.119  1.897  1.406  0.943 3.670E+09
  4500. 7.5  0.321 14.720 -0.455 16.097 16.086 15.175 14.571 13.956 13.305 12.997 12.924 16.921 15.626 14.830 14.485 14.299 15.160  0.680  1.556  1.357  0.766  1.017  1.751  1.301  0.866 3.136E+09
  4750. 7.5  0.323 14.479 -0.394 15.644 15.711 14.873 14.316 13.745 13.143 12.795 12.687 16.467 15.281 14.562 14.260 14.104 14.857  0.631  1.438  1.261  0.674  0.910  1.599  1.192  0.787 2.657E+09
  5000. 7.5  0.326 14.247 -0.329 15.199 15.342 14.576 14.065 13.538 12.990 12.640 12.527 16.020 14.942 14.298 14.038 13.913 14.560  0.583  1.322  1.167  0.583  0.806  1.450  1.085  0.709 2.162E+09
  5250. 7.5  0.329 14.022 -0.274 14.780 14.996 14.296 13.828 13.341 12.844 12.509 12.407 15.602 14.623 14.050 13.827 13.731 14.281  0.538  1.214  1.081  0.499  0.709  1.312  0.987  0.636 1.739E+09
  5500. 7.5  0.333 13.809 -0.232 14.398 14.680 14.041 13.612 13.162 12.712 12.395 12.306 15.219 14.331 13.824 13.636 13.565 14.026  0.497  1.116  1.001  0.423  0.619  1.185  0.896  0.569 1.512E+09
  6000. 7.5  0.338 13.415 -0.192 13.730 14.135 13.607 13.247 12.861 12.487 12.202 12.142 14.551 13.831 13.443 13.315 13.288 13.593  0.422  0.933  0.858  0.289  0.460  0.954  0.730  0.447 1.229E+09
  6500. 7.5  0.341 13.058 -0.188 13.179 13.682 13.246 12.944 12.613 12.304 12.051 12.015 14.001 13.415 13.127 13.050 13.059 13.234  0.358  0.787  0.740  0.175  0.324  0.767  0.600  0.343 1.022E+09
  7000. 7.5  0.343 12.729 -0.202 12.728 13.296 12.931 12.677 12.393 12.144 11.925 11.908 13.552 13.056 12.848 12.814 12.856 12.920  0.306  0.690  0.652  0.081  0.213  0.637  0.515  0.262 8.614E+08
  7500. 7.5  0.345 12.422 -0.223 12.352 12.957 12.646 12.431 12.189 11.998 11.814 11.812 13.178 12.736 12.594 12.597 12.668 12.636  0.263  0.634  0.587 -0.001  0.119  0.554  0.470  0.198 7.333E+08
  8000. 7.5  0.347 12.135 -0.248 12.033 12.654 12.383 12.206 12.000 11.863 11.713 11.724 12.861 12.447 12.362 12.395 12.494 12.374  0.226  0.610  0.540 -0.075  0.035  0.507  0.455  0.147 6.281E+08
  8500. 7.5  0.349 11.865 -0.270 11.758 12.377 12.135 11.993 11.823 11.737 11.621 11.642 12.589 12.178 12.141 12.206 12.333 12.126  0.194  0.613  0.509 -0.147 -0.042  0.490  0.466  0.107 5.411E+08
  9000. 7.5  0.352 11.610 -0.292 11.517 12.122 11.902 11.793 11.658 11.620 11.534 11.565 12.351 11.928 11.935 12.030 12.182 11.893  0.165  0.634  0.490 -0.216 -0.113  0.493  0.493  0.078 4.681E+08
  9500. 7.5  0.354 11.368 -0.316 11.304 11.889 11.684 11.608 11.506 11.513 11.455 11.493 12.140 11.699 11.745 11.866 12.044 11.675  0.139  0.664  0.479 -0.283 -0.179  0.508  0.528  0.055 4.066E+08
 10000. 7.5  0.356 11.138 -0.351 11.115 11.680 11.489 11.444 11.372 11.417 11.384 11.429 11.954 11.493 11.575 11.722 11.922 11.480  0.116  0.692  0.471 -0.347 -0.240  0.522  0.560  0.036 3.543E+08
 10500. 7.5  0.359 10.920 -0.405 10.947 11.501 11.325 11.306 11.262 11.339 11.325 11.373 11.788 11.318 11.433 11.603 11.822 11.315  0.096  0.709  0.460 -0.403 -0.294  0.525  0.578  0.018 3.097E+08
 11000. 7.5  0.361 10.711 -0.478 10.801 11.352 11.190 11.194 11.174 11.274 11.275 11.325 11.643 11.172 11.316 11.507 11.741 11.180  0.076  0.715  0.451 -0.450 -0.342  0.517  0.585  0.001 2.715E+08
 11500. 7.5  0.363 10.513 -0.574 10.683 11.234 11.086 11.109 11.107 11.226 11.235 11.286 11.526 11.057 11.228 11.436 11.678 11.077  0.058  0.716  0.438 -0.488 -0.382  0.504  0.585 -0.016 2.384E+08
 12000. 7.5  0.364 10.322 -0.685 10.585 11.140 11.007 11.043 11.055 11.186 11.201 11.251 11.428 10.967 11.160 11.380 11.629 10.998  0.041  0.711  0.424 -0.517 -0.415  0.485  0.578 -0.032 2.096E+08
 12500. 7.5  0.366 10.139 -0.787 10.475 11.041 10.926 10.975 10.999 11.141 11.162 11.212 11.318 10.874 11.088 11.321 11.576 10.918  0.026  0.694  0.403 -0.541 -0.446  0.455  0.561 -0.054 1.846E+08
 13000. 7.5  0.368  9.964 -0.882 10.354 10.940 10.846 10.903 10.939 11.093 11.119 11.171 11.198 10.781 11.014 11.258 11.520 10.839  0.013  0.663  0.375 -0.560 -0.471  0.414  0.533 -0.078 1.628E+08
 13500. 7.5  0.370  9.795 -0.977 10.235 10.845 10.772 10.835 10.880 11.046 11.077 11.131 11.078 10.694 10.944 11.196 11.462 10.766  0.001  0.625  0.345 -0.575 -0.492  0.368  0.499 -0.103 1.438E+08
 14000. 7.5  0.372  9.631 -1.071 10.120 10.756 10.702 10.771 10.823 11.000 11.035 11.091 10.964 10.612 10.878 11.138 11.408 10.697 -0.008  0.586  0.316 -0.587 -0.510  0.322  0.462 -0.125 1.272E+08
 14500. 7.5  0.373  9.474 -1.163 10.010 10.672 10.636 10.709 10.769 10.956 10.996 11.053 10.854 10.535 10.815 11.081 11.357 10.633 -0.016  0.547  0.289 -0.597 -0.525  0.277  0.426 -0.145 1.126E+08
 15000. 7.5  0.375  9.321 -1.253  9.904 10.593 10.574 10.650 10.716 10.913 10.956 11.015 10.748 10.462 10.755 11.027 11.306 10.571 -0.024  0.508  0.264 -0.606 -0.538  0.234  0.390 -0.162 9.982E+07
 15500. 7.5  0.377  9.174 -1.340  9.803 10.517 10.513 10.593 10.665 10.871 10.918 10.979 10.647 10.392 10.696 10.975 11.256 10.511 -0.030  0.470  0.241 -0.615 -0.550  0.192  0.355 -0.178 8.868E+07
 16000. 7.5  0.379  9.030 -1.425  9.706 10.445 10.455 10.538 10.616 10.830 10.880 10.943 10.549 10.326 10.640 10.923 11.209 10.454 -0.036  0.434  0.221 -0.623 -0.561  0.152  0.321 -0.191 7.890E+07
 16500. 7.5  0.381  8.891 -1.508  9.613 10.376 10.399 10.485 10.567 10.790 10.843 10.907 10.457 10.262 10.586 10.874 11.162 10.398 -0.041  0.400  0.202 -0.630 -0.571  0.115  0.288 -0.204 7.048E+07
 17000. 7.5  0.383  8.756 -1.588  9.523 10.309 10.345 10.434 10.521 10.750 10.806 10.872 10.367 10.200 10.533 10.826 11.116 10.344 -0.046  0.367  0.185 -0.637 -0.580  0.079  0.257 -0.215 6.316E+07
 20000. 7.5  0.394  8.019 -2.016  9.031  9.940 10.035 10.139 10.252 10.523 10.596 10.667  9.875  9.854 10.233 10.547 10.859 10.038 -0.070  0.189  0.100 -0.673 -0.627 -0.113  0.088 -0.270 3.171E+07
 25000. 7.5  0.411  7.003 -2.593  8.374  9.428  9.597  9.720  9.863 10.187 10.279 10.366  9.218  9.373  9.808 10.150 10.481  9.602 -0.098 -0.015  0.000 -0.720 -0.684 -0.331 -0.104 -0.334 1.675E+07
 30000. 7.5  0.428  6.169 -3.011  7.789  8.953  9.180  9.317  9.482  9.849  9.958 10.057  8.634  8.923  9.401  9.763 10.110  9.188 -0.118 -0.172 -0.080 -0.754 -0.724 -0.499 -0.254 -0.381 9.661E+06
 35000. 7.5  0.450  5.445 -3.384  7.333  8.563  8.828  8.970  9.145  9.533  9.647  9.748  8.177  8.550  9.052  9.424  9.776  8.837 -0.127 -0.271 -0.134 -0.768 -0.741 -0.604 -0.350 -0.408 4.587E+06
 40000. 7.5  0.464  4.830 -3.775  7.058  8.320  8.606  8.750  8.931  9.327  9.443  9.542  7.902  8.315  8.830  9.208  9.563  8.616 -0.132 -0.320 -0.162 -0.775 -0.751 -0.656 -0.397 -0.423 3.095E+06
 45000. 7.5  0.480  4.283 -4.152  6.855  8.136  8.435  8.581  8.765  9.166  9.283  9.381  7.700  8.137  8.660  9.041  9.398  8.445 -0.136 -0.350 -0.180 -0.780 -0.757 -0.687 -0.426 -0.433 2.248E+06
 50000. 7.5  0.496  3.790 -4.501  6.689  7.983  8.291  8.438  8.624  9.029  9.146  9.244  7.534  7.987  8.517  8.900  9.258  8.302 -0.139 -0.370 -0.193 -0.783 -0.762 -0.710 -0.446 -0.440 1.691E+06
 55000. 7.5  0.512  3.341 -4.823  6.546  7.849  8.164  8.313  8.501  8.908  9.025  9.123  7.390  7.856  8.392  8.777  9.135  8.176 -0.141 -0.386 -0.203 -0.786 -0.766 -0.726 -0.461 -0.445 1.286E+06
 60000. 7.5  0.527  2.932 -5.120  6.419  7.730  8.051  8.201  8.390  8.799  8.917  9.015  7.264  7.740  8.279  8.666  9.025  8.063 -0.143 -0.399 -0.211 -0.788 -0.769 -0.740 -0.473 -0.450 9.633E+05
 65000. 7.5  0.541  2.555 -5.394  6.305  7.623  7.949  8.099  8.290  8.700  8.819  8.917  7.150  7.635  8.177  8.565  8.925  7.961 -0.144 -0.409 -0.218 -0.790 -0.771 -0.751 -0.483 -0.454 7.402E+05
 70000. 7.5  0.555  2.206 -5.649  6.201  7.524  7.855  8.006  8.198  8.609  8.728  8.826  7.046  7.538  8.083  8.472  8.833  7.867 -0.145 -0.418 -0.223 -0.792 -0.773 -0.761 -0.491 -0.457 5.684E+05
 75000. 7.5  0.569  1.880 -5.886  6.105  7.433  7.767  7.918  8.111  8.524  8.643  8.741  6.950  7.447  7.996  8.386  8.746  7.778 -0.147 -0.425 -0.228 -0.793 -0.775 -0.769 -0.498 -0.460 4.470E+05
 80000. 7.5  0.583  1.572 -6.108  6.011  7.343  7.680  7.832  8.026  8.440  8.560  8.657  6.856  7.359  7.910  8.300  8.662  7.692 -0.148 -0.432 -0.233 -0.795 -0.777 -0.776 -0.505 -0.462 3.536E+05
 85000. 7.5  0.599  1.281 -6.316  5.921  7.257  7.597  7.750  7.944  8.359  8.479  8.577  6.767  7.274  7.827  8.219  8.580  7.609 -0.148 -0.438 -0.237 -0.796 -0.779 -0.782 -0.510 -0.465 2.728E+05
 90000. 7.5  0.613  1.006 -6.512  5.837  7.176  7.518  7.672  7.867  8.283  8.403  8.501  6.682  7.194  7.749  8.141  8.503  7.531 -0.149 -0.443 -0.240 -0.798 -0.781 -0.788 -0.515 -0.467 2.056E+05
100000. 7.5  0.639  0.503 -6.872  5.684  7.028  7.375  7.530  7.726  8.144  8.264  8.362  6.530  7.048  7.606  8.000  8.363  7.388 -0.151 -0.452 -0.246 -0.800 -0.783 -0.798 -0.524 -0.470 1.241E+05
110000. 7.5  0.667  0.043 -7.197  5.540  6.889  7.239  7.395  7.593  8.012  8.133  8.231  6.385  6.910  7.471  7.866  8.230  7.252 -0.152 -0.459 -0.252 -0.802 -0.786 -0.806 -0.531 -0.473 8.936E+04
  1500. 8.0  0.575 20.108  1.134 21.498 20.506 18.974 19.147 21.405 21.886 21.516 23.982 22.365 19.703 19.020 21.401 21.622 18.887  1.126  3.065  2.362 -3.249 -0.628  3.539  2.689  1.701 1.481E+10
  1750. 8.0  0.575 19.438  0.944 20.836 20.005 18.495 18.398 19.957 20.487 20.296 22.094 21.692 19.252 18.296 20.072 20.315 18.447  1.102  2.813  2.245 -2.105  0.061  3.276  2.455  1.602 1.413E+10
  2000. 8.0  0.575 18.858  0.749 20.270 19.562 18.109 17.818 18.806 19.353 19.309 20.601 21.119 18.851 17.765 18.993 19.267 18.080  1.054  2.621  2.127 -1.241  0.569  3.055  2.278  1.503 1.350E+10
  2250. 8.0  0.575 18.347  0.555 19.785 19.183 17.791 17.350 17.866 18.415 18.490 19.422 20.629 18.507 17.365 18.102 18.398 17.772  1.008  2.457  2.023 -0.562  0.954  2.864  2.128  1.417 1.291E+10
  2500. 8.0  0.575 17.889  0.357 19.371 18.863 17.532 16.970 17.084 17.606 17.767 18.429 20.211 18.219 17.066 17.377 17.658 17.517  0.965  2.314  1.928 -0.004  1.206  2.695  1.997  1.340 1.235E+10
  2750. 8.0  0.575 17.475  0.166 19.012 18.583 17.309 16.658 16.442 16.905 17.132 17.609 19.848 17.966 16.831 16.807 17.023 17.295  0.926  2.193  1.845  0.436  1.335  2.550  1.887  1.271 1.181E+10
  3000. 8.0  0.575 17.097 -0.008 18.691 18.328 17.105 16.399 15.942 16.275 16.530 16.864 19.524 17.735 16.632 16.383 16.486 17.092  0.891  2.092  1.773  0.740  1.376  2.427  1.793  1.212 1.130E+10
  3250. 8.0  0.576 16.749 -0.158 18.383 18.080 16.906 16.178 15.573 15.705 15.961 16.203 19.215 17.509 16.447 16.074 16.050 16.893  0.858  1.999  1.706  0.905  1.362  2.314  1.709  1.157 1.081E+10
  3500. 8.0  0.576 16.427 -0.279 18.077 17.831 16.706 15.981 15.309 15.193 15.412 15.587 18.906 17.281 16.265 15.844 15.716 16.692  0.825  1.912  1.641  0.959  1.316  2.205  1.629  1.102 1.027E+10
  3750. 8.0  0.576 16.126 -0.372 17.763 17.574 16.498 15.793 15.105 14.748 14.890 15.007 18.591 17.045 16.078 15.654 15.465 16.484  0.792  1.826  1.574  0.947  1.254  2.097  1.551  1.047 9.645E+09
  4000. 8.0  0.576 15.845 -0.430 17.429 17.298 16.275 15.600 14.925 14.387 14.411 14.471 18.256 16.792 15.878 15.473 15.263 16.260  0.756  1.738  1.504  0.901  1.181  1.985  1.469  0.989 9.013E+09
  4250. 8.0  0.577 15.581 -0.448 17.062 16.994 16.029 15.390 14.743 14.119 13.997 14.003 17.887 16.512 15.659 15.283 15.079 16.014  0.717  1.643  1.428  0.834  1.097  1.863  1.381  0.926 8.352E+09
  4500. 8.0  0.578 15.332 -0.426 16.659 16.659 15.758 15.160 14.551 13.923 13.673 13.631 17.483 16.203 15.417 15.078 14.897 15.743  0.674  1.539  1.344  0.754  1.003  1.729  1.285  0.856 7.582E+09
  4750. 8.0  0.578 15.095 -0.379 16.235 16.308 15.475 14.921 14.353 13.761 13.445 13.358 17.058 15.880 15.165 14.866 14.713 15.459  0.628  1.429  1.255  0.668  0.904  1.588  1.184  0.782 6.737E+09
  5000. 8.0  0.580 14.870 -0.323 15.811 15.957 15.193 14.683 14.157 13.615 13.283 13.177 16.633 15.558 14.916 14.657 14.533 15.177  0.582  1.318  1.165  0.581  0.803  1.445  1.082  0.707 5.688E+09
  5250. 8.0  0.582 14.654 -0.271 15.407 15.624 14.925 14.457 13.971 13.478 13.155 13.054 16.228 15.251 14.679 14.457 14.362 14.910  0.538  1.212  1.079  0.499  0.708  1.309  0.984  0.635 4.401E+09
  5500. 8.0  0.584 14.447 -0.230 15.034 15.316 14.677 14.248 13.798 13.352 13.044 12.955 15.855 14.968 14.460 14.272 14.202 14.663  0.497  1.115  1.001  0.423  0.620  1.185  0.895  0.570 3.170E+09
  6000. 8.0  0.588 14.063 -0.184 14.381 14.780 14.248 13.886 13.500 13.133 12.858 12.795 15.202 14.475 14.082 13.953 13.927 14.234  0.425  0.941  0.863  0.291  0.465  0.963  0.737  0.453 2.241E+09
  6500. 8.0  0.590 13.712 -0.182 13.832 14.334 13.893 13.589 13.257 12.953 12.708 12.669 14.654 14.065 13.773 13.693 13.703 13.881  0.362  0.790  0.746  0.179  0.331  0.772  0.601  0.351 1.828E+09
  7000. 8.0  0.592 13.387 -0.201 13.379 13.956 13.588 13.332 13.046 12.800 12.584 12.565 14.201 13.715 13.505 13.467 13.509 13.577  0.310  0.679  0.655  0.084  0.219  0.629  0.503  0.268 1.520E+09
  7500. 8.0  0.593 13.084 -0.228 13.000 13.625 13.312 13.096 12.851 12.660 12.477 12.474 13.824 13.405 13.260 13.259 13.329 13.302  0.267  0.609  0.589  0.003  0.125  0.531  0.443  0.204 1.274E+09
  8000. 8.0  0.595 12.801 -0.257 12.678 13.331 13.058 12.879 12.668 12.531 12.379 12.390 13.504 13.125 13.037 13.065 13.161 13.049  0.231  0.569  0.543 -0.068  0.045  0.469  0.412  0.155 1.075E+09
  8500. 8.0  0.596 12.535 -0.285 12.399 13.064 12.820 12.674 12.497 12.411 12.289 12.311 13.227 12.867 12.824 12.882 13.004 12.811  0.200  0.554  0.512 -0.135 -0.028  0.435  0.405  0.117 9.170E+08
  9000. 8.0  0.598 12.285 -0.312 12.154 12.819 12.596 12.481 12.336 12.299 12.205 12.236 12.984 12.628 12.625 12.710 12.857 12.587  0.173  0.557  0.494 -0.200 -0.094  0.422  0.414  0.089 7.919E+08
  9500. 8.0  0.599 12.047 -0.339 11.936 12.595 12.386 12.301 12.188 12.195 12.127 12.167 12.769 12.407 12.440 12.551 12.722 12.377  0.150  0.571  0.485 -0.263 -0.155  0.423  0.433  0.069 6.894E+08
 10000. 8.0  0.600 11.822 -0.372 11.742 12.392 12.194 12.138 12.054 12.101 12.056 12.104 12.577 12.206 12.271 12.407 12.600 12.184  0.130  0.589  0.481 -0.323 -0.211  0.429  0.454  0.055 6.033E+08
 10500. 8.0  0.602 11.607 -0.419 11.571 12.214 12.026 11.996 11.939 12.020 11.993 12.048 12.407 12.031 12.126 12.283 12.494 12.015  0.112  0.601  0.477 -0.378 -0.261  0.431  0.469  0.044 5.307E+08
 11000. 8.0  0.603 11.403 -0.482 11.419 12.062 11.884 11.878 11.844 11.952 11.941 11.999 12.257 11.881 12.003 12.180 12.408 11.873  0.096  0.605  0.471 -0.426 -0.306  0.425  0.474  0.032 4.695E+08
 11500. 8.0  0.604 11.208 -0.559 11.284 11.932 11.766 11.779 11.765 11.896 11.895 11.956 12.123 11.755 11.901 12.096 12.335 11.755  0.081  0.602  0.462 -0.467 -0.345  0.412  0.471  0.019 4.179E+08
 12000. 8.0  0.606 11.021 -0.651 11.173 11.826 11.671 11.701 11.704 11.850 11.858 11.921 12.012 11.652 11.820 12.029 12.278 11.660  0.066  0.597  0.455 -0.501 -0.380  0.397  0.466  0.008 3.735E+08
 12500. 8.0  0.607 10.841 -0.760 11.086 11.745 11.601 11.643 11.658 11.816 11.829 11.891 11.925 11.574 11.759 11.980 12.237 11.590  0.054  0.591  0.444 -0.526 -0.406  0.380  0.458 -0.004 3.348E+08
 13000. 8.0  0.608 10.669 -0.866 10.998 11.665 11.535 11.587 11.614 11.781 11.799 11.861 11.838 11.498 11.702 11.933 12.194 11.524  0.041  0.580  0.430 -0.548 -0.433  0.359  0.447 -0.018 3.005E+08
 13500. 8.0  0.609 10.503 -0.963 10.899 11.579 11.466 11.527 11.565 11.743 11.765 11.828 11.739 11.418 11.639 11.882 12.147 11.456  0.027  0.561  0.410 -0.568 -0.458  0.330  0.429 -0.037 2.701E+08
 14000. 8.0  0.610 10.343 -1.056 10.795 11.493 11.398 11.467 11.514 11.702 11.729 11.794 11.636 11.338 11.577 11.828 12.099 11.389  0.015  0.534  0.385 -0.584 -0.480  0.294  0.404 -0.059 2.431E+08
 14500. 8.0  0.611 10.188 -1.146 10.693 11.411 11.335 11.409 11.464 11.662 11.694 11.760 11.533 11.263 11.517 11.776 12.052 11.327  0.005  0.502  0.358 -0.597 -0.499  0.255  0.376 -0.081 2.189E+08
 15000. 8.0  0.613 10.039 -1.235 10.593 11.333 11.274 11.353 11.416 11.623 11.659 11.726 11.434 11.191 11.459 11.725 12.006 11.268 -0.004  0.470  0.332 -0.608 -0.516  0.215  0.346 -0.102 1.972E+08
 15500. 8.0  0.614  9.895 -1.323 10.497 11.259 11.217 11.299 11.369 11.584 11.624 11.693 11.338 11.123 11.405 11.677 11.960 11.211 -0.012  0.436  0.308 -0.617 -0.530  0.176  0.316 -0.121 1.778E+08
 16000. 8.0  0.615  9.755 -1.408 10.405 11.188 11.162 11.248 11.323 11.547 11.591 11.661 11.246 11.059 11.352 11.629 11.917 11.157 -0.020  0.403  0.285 -0.625 -0.543  0.138  0.286 -0.138 1.603E+08
 16500. 8.0  0.616  9.619 -1.486 10.309 11.116 11.106 11.195 11.279 11.510 11.557 11.629 11.151 10.993 11.297 11.583 11.874 11.102 -0.026  0.369  0.262 -0.637 -0.556  0.099  0.254 -0.154 1.445E+08
 17000. 8.0  0.617  9.488 -1.566 10.223 11.050 11.054 11.146 11.235 11.475 11.525 11.598 11.064 10.933 11.247 11.539 11.831 11.050 -0.032  0.337  0.242 -0.645 -0.567  0.064  0.224 -0.168 1.303E+08
 20000. 8.0  0.624  8.770 -2.001  9.761 10.700 10.772 10.878 10.990 11.268 11.338 11.412 10.603 10.609 10.974 11.285 11.599 10.772 -0.061  0.172  0.145 -0.676 -0.617 -0.120  0.069 -0.234 6.896E+07
 25000. 8.0  0.635  7.782 -2.579  9.132 10.210 10.361 10.487 10.628 10.959 11.049 11.139  9.975 10.152 10.576 10.915 11.248 10.364 -0.092 -0.027  0.033 -0.723 -0.678 -0.337 -0.118 -0.306 2.216E+07
 30000. 8.0  0.646  6.972 -2.998  8.574  9.754  9.970 10.108 10.273 10.644 10.751 10.852  9.417  9.723 10.193 10.553 10.901  9.976 -0.114 -0.181 -0.059 -0.756 -0.720 -0.504 -0.264 -0.361 9.239E+06
 35000. 8.0  0.661  6.277 -3.378  8.157  9.398  9.655  9.798  9.973 10.363 10.477 10.579  9.001  9.384  9.880 10.251 10.604  9.663 -0.124 -0.276 -0.119 -0.769 -0.738 -0.606 -0.356 -0.393 6.331E+06
 40000. 8.0  0.672  5.679 -3.774  7.905  9.174  9.454  9.599  9.779 10.178 10.294 10.395  8.749  9.169  9.680 10.056 10.412  9.463 -0.130 -0.323 -0.151 -0.777 -0.749 -0.656 -0.401 -0.411 4.018E+06
 45000. 8.0  0.682  5.151 -4.153  7.725  9.011  9.305  9.452  9.636 10.039 10.156 10.257  8.569  9.011  9.532  9.912 10.269  9.314 -0.134 -0.352 -0.171 -0.782 -0.756 -0.688 -0.429 -0.422 2.808E+06
 50000. 8.0  0.694  4.676 -4.505  7.578  8.877  9.181  9.329  9.515  9.922 10.040 10.140  8.423  8.881  9.408  9.791 10.149  9.191 -0.137 -0.372 -0.186 -0.785 -0.761 -0.710 -0.448 -0.431 1.818E+06
 55000. 8.0  0.703  4.247 -4.829  7.457  8.765  9.076  9.226  9.414  9.824  9.942 10.042  8.302  8.772  9.305  9.690 10.049  9.087 -0.140 -0.388 -0.197 -0.788 -0.765 -0.726 -0.463 -0.437 1.534E+06
 60000. 8.0  0.713  3.854 -5.128  7.349  8.664  8.982  9.133  9.323  9.734  9.853  9.952  8.194  8.674  9.211  9.597  9.958  8.993 -0.142 -0.400 -0.206 -0.790 -0.768 -0.740 -0.474 -0.443 1.257E+06
 65000. 8.0  0.722  3.492 -5.405  7.253  8.573  8.897  9.048  9.239  9.652  9.772  9.871  8.097  8.585  9.126  9.514  9.875  8.908 -0.143 -0.410 -0.213 -0.792 -0.771 -0.751 -0.484 -0.447 1.055E+06
 70000. 8.0  0.732  3.156 -5.661  7.164  8.490  8.818  8.970  9.162  9.576  9.696  9.795  8.009  8.503  9.047  9.436  9.798  8.829 -0.145 -0.419 -0.220 -0.794 -0.774 -0.761 -0.492 -0.451 9.011E+05
 75000. 8.0  0.741  2.843 -5.901  7.082  8.412  8.744  8.897  9.090  9.506  9.626  9.725  7.927  8.427  8.974  9.364  9.726  8.756 -0.146 -0.426 -0.225 -0.795 -0.776 -0.769 -0.499 -0.455 7.773E+05
 80000. 8.0  0.750  2.550 -6.125  7.005  8.339  8.675  8.828  9.022  9.439  9.560  9.658  7.850  8.355  8.905  9.296  9.659  8.686 -0.147 -0.433 -0.230 -0.797 -0.778 -0.776 -0.506 -0.458 6.760E+05
 85000. 8.0  0.759  2.274 -6.335  6.932  8.270  8.608  8.762  8.958  9.375  9.496  9.595  7.777  8.287  8.839  9.231  9.594  8.620 -0.148 -0.438 -0.234 -0.798 -0.780 -0.782 -0.511 -0.460 5.907E+05
 90000. 8.0  0.768  2.013 -6.533  6.864  8.204  8.545  8.700  8.896  9.314  9.436  9.534  7.709  8.222  8.777  9.170  9.533  8.558 -0.149 -0.444 -0.238 -0.800 -0.781 -0.788 -0.516 -0.463 5.195E+05
100000. 8.0  0.785  1.530 -6.896  6.735  8.081  8.427  8.582  8.779  9.199  9.321  9.419  7.580  8.101  8.658  9.053  9.416  8.439 -0.151 -0.452 -0.245 -0.802 -0.784 -0.798 -0.524 -0.467 4.023E+05
110000. 8.0  0.804  1.091 -7.224  6.616  7.966  8.316  8.472  8.671  9.092  9.214  9.312  7.461  7.987  8.548  8.943  9.308  8.328 -0.152 -0.460 -0.251 -0.804 -0.787 -0.806 -0.531 -0.471 3.080E+05
  1500. 8.5  0.908 20.862  1.158 21.994 21.133 19.703 20.020 22.345 22.740 22.338 24.806 22.852 20.363 19.895 22.358 22.535 19.592  1.071  2.860  2.245 -3.504 -0.935  3.311  2.504  1.614 1.210E+10
  1750. 8.5  0.908 20.192  1.000 21.392 20.649 19.192 19.219 20.881 21.345 21.129 22.944 22.243 19.912 19.112 21.014 21.213 19.127  1.079  2.676  2.187 -2.361 -0.227  3.139  2.335  1.560 1.199E+10
  2000. 8.5  0.908 19.612  0.805 20.846 20.220 18.807 18.603 19.709 20.200 20.133 21.446 21.690 19.527 18.535 19.904 20.148 18.772  1.035  2.494  2.072 -1.462  0.341  2.927  2.165  1.462 1.187E+10
  2250. 8.5  0.908 19.101  0.612 20.359 19.834 18.488 18.118 18.757 19.260 19.310 20.251 21.199 19.180 18.108 18.994 19.272 18.466  0.981  2.341  1.956 -0.766  0.754  2.735  2.022  1.364 1.172E+10
  2500. 8.5  0.908 18.643  0.430 19.939 19.496 18.214 17.721 17.971 18.463 18.602 19.279 20.775 18.873 17.784 18.249 18.534 18.197  0.934  2.214  1.861 -0.218  1.036  2.576  1.905  1.285 1.156E+10
  2750. 8.5  0.908 18.229  0.254 19.574 19.203 17.975 17.389 17.310 17.774 17.982 18.477 20.408 18.606 17.528 17.645 17.895 17.960  0.896  2.104  1.782  0.227  1.202  2.442  1.805  1.220 1.139E+10
  3000. 8.5  0.908 17.851  0.088 19.252 18.943 17.763 17.112 16.771 17.156 17.407 17.766 20.084 18.368 17.315 17.174 17.339 17.749  0.862  2.010  1.715  0.567  1.276  2.328  1.719  1.164 1.123E+10
  3250. 8.5  0.908 17.503 -0.061 18.956 18.699 17.565 16.878 16.356 16.589 16.850 17.106 19.786 18.145 17.126 16.825 16.872 17.551  0.832  1.928  1.654  0.782  1.286  2.226  1.644  1.113 1.106E+10
  3500. 8.5  0.908 17.182 -0.187 18.665 18.460 17.369 16.674 16.054 16.069 16.310 16.502 19.494 17.924 16.944 16.568 16.501 17.354  0.802  1.852  1.595  0.879  1.258  2.130  1.574  1.065 1.088E+10
  3750. 8.5  0.908 16.882 -0.287 18.370 18.215 17.169 16.486 15.831 15.606 15.791 15.933 19.198 17.698 16.762 16.366 16.219 17.154  0.772  1.775  1.535  0.894  1.208  2.033  1.504  1.015 1.068E+10
  4000. 8.5  0.909 16.601 -0.357 18.060 17.957 16.958 16.300 15.646 15.215 15.306 15.398 18.886 17.460 16.572 16.185 16.001 16.943  0.740  1.696  1.472  0.864  1.144  1.932  1.431  0.963 1.040E+10
  4250. 8.5  0.909 16.338 -0.392 17.723 17.676 16.729 16.103 15.470 14.913 14.872 14.913 18.548 17.201 16.368 16.004 15.816 16.714  0.704  1.611  1.403  0.808  1.070  1.823  1.352  0.905 1.004E+10
  4500. 8.5  0.909 16.089 -0.390 17.352 17.367 16.479 15.889 15.288 14.694 14.515 14.509 18.176 16.917 16.144 15.813 15.639 16.463  0.665  1.517  1.327  0.737  0.985  1.701  1.265  0.842 9.676E+09
  4750. 8.5  0.909 15.854 -0.359 16.957 17.039 16.213 15.664 15.101 14.525 14.253 14.194 17.780 16.614 15.907 15.612 15.463 16.197  0.623  1.416  1.245  0.658  0.893  1.572  1.172  0.773 9.230E+09
  5000. 8.5  0.910 15.631 -0.313 16.554 16.705 15.944 15.436 14.912 14.378 14.072 13.979 17.376 16.307 15.668 15.411 15.289 15.928  0.579  1.312  1.160  0.577  0.798  1.438  1.076  0.703 8.708E+09
  5250. 8.5  0.910 15.418 -0.266 16.162 16.382 15.684 15.217 14.732 14.244 13.936 13.838 16.984 16.009 15.438 15.218 15.123 15.669  0.537  1.209  1.077  0.497  0.706  1.306  0.981  0.634 8.025E+09
  5500. 8.5  0.911 15.215 -0.227 15.796 16.080 15.442 15.012 14.564 14.121 13.824 13.735 16.617 15.731 15.224 15.038 14.968 15.427  0.497  1.112  0.999  0.422  0.620  1.182  0.893  0.569 7.072E+09
  6000. 8.5  0.913 14.835 -0.179 15.150 15.548 15.014 14.652 14.266 13.904 13.638 13.573 15.971 15.242 14.848 14.719 14.694 15.000  0.426  0.943  0.864  0.291  0.467  0.966  0.738  0.456 5.244E+09
  6500. 8.5  0.914 14.486 -0.173 14.606 15.104 14.659 14.354 14.021 13.724 13.487 13.445 15.428 14.834 14.538 14.457 14.467 14.647  0.366  0.796  0.750  0.181  0.337  0.780  0.605  0.358 4.428E+09
  7000. 8.5  0.915 14.163 -0.196 14.149 14.730 14.359 14.102 13.814 13.573 13.362 13.341 14.972 14.489 14.276 14.236 14.277 14.348  0.313  0.675  0.657  0.087  0.225  0.627  0.498  0.275 3.793E+09
  7500. 8.5  0.916 13.863 -0.229 13.766 14.406 14.092 13.876 13.627 13.438 13.256 13.252 14.590 14.186 14.041 14.036 14.105 14.082  0.270  0.591  0.588  0.006  0.131  0.515  0.424  0.210 3.261E+09
  8000. 8.5  0.916 13.582 -0.265 13.440 14.119 13.846 13.666 13.451 13.314 13.160 13.169 14.265 13.915 13.826 13.848 13.943 13.837  0.235  0.537  0.540 -0.063  0.052  0.439  0.379  0.161 2.791E+09
  8500. 8.5  0.917 13.318 -0.298 13.156 13.859 13.616 13.467 13.284 13.197 13.072 13.092 13.983 13.665 13.620 13.671 13.789 13.607  0.205  0.508  0.509 -0.127 -0.018  0.392  0.358  0.124 2.377E+09
  9000. 8.5  0.918 13.068 -0.330 12.907 13.621 13.399 13.279 13.127 13.088 12.988 13.019 13.735 13.433 13.426 13.503 13.645 13.390  0.180  0.496  0.490 -0.188 -0.081  0.365  0.353  0.097 2.018E+09
  9500. 8.5  0.919 12.833 -0.361 12.684 13.402 13.194 13.102 12.980 12.986 12.909 12.950 13.514 13.219 13.243 13.346 13.509 13.184  0.158  0.496  0.482 -0.247 -0.137  0.353  0.357  0.080 1.706E+09
 10000. 8.5  0.919 12.609 -0.395 12.485 13.203 13.004 12.939 12.844 12.892 12.836 12.885 13.316 13.022 13.076 13.201 13.386 12.994  0.141  0.502  0.480 -0.303 -0.188  0.350  0.366  0.069 1.435E+09
 10500. 8.5  0.920 12.396 -0.436 12.306 13.024 12.832 12.793 12.724 12.808 12.770 12.826 13.139 12.845 12.925 13.071 13.275 12.821  0.126  0.508  0.480 -0.356 -0.234  0.349  0.374  0.061 1.205E+09
 11000. 8.5  0.921 12.193 -0.491 12.147 12.869 12.685 12.668 12.622 12.736 12.713 12.774 12.981 12.691 12.796 12.961 13.181 12.672  0.112  0.509  0.478 -0.404 -0.275  0.342  0.375  0.055 1.037E+09
 11500. 8.5  0.922 12.000 -0.560 12.005 12.736 12.559 12.562 12.536 12.675 12.663 12.728 12.840 12.560 12.687 12.869 13.102 12.546  0.100  0.502  0.473 -0.445 -0.311  0.329  0.369  0.047 9.044E+08
 12000. 8.5  0.922 11.814 -0.639 11.877 12.619 12.452 12.472 12.463 12.622 12.619 12.687 12.713 12.447 12.594 12.791 13.035 12.439  0.088  0.492  0.466 -0.480 -0.344  0.312  0.359  0.038 8.015E+08
 12500. 8.5  0.923 11.636 -0.727 11.767 12.518 12.363 12.397 12.405 12.577 12.584 12.653 12.603 12.350 12.516 12.728 12.982 12.349  0.077  0.480  0.456 -0.513 -0.373  0.293  0.348  0.028 7.237E+08
 13000. 8.5  0.924 11.465 -0.829 11.679 12.440 12.294 12.339 12.357 12.543 12.553 12.624 12.516 12.275 12.457 12.677 12.938 12.280  0.068  0.470  0.448 -0.534 -0.396  0.276  0.337  0.021 6.551E+08
 13500. 8.5  0.924 11.300 -0.937 11.605 12.374 12.237 12.292 12.319 12.513 12.527 12.599 12.442 12.211 12.407 12.636 12.901 12.223  0.058  0.460  0.439 -0.553 -0.417  0.260  0.327  0.011 5.927E+08
 14000. 8.5  0.925 11.141 -1.038 11.526 12.304 12.179 12.243 12.280 12.482 12.501 12.573 12.364 12.145 12.356 12.595 12.865 12.166  0.047  0.448  0.425 -0.572 -0.438  0.240  0.315 -0.001 5.365E+08
 14500. 8.5  0.926 10.988 -1.131 11.440 12.229 12.119 12.190 12.238 12.448 12.471 12.544 12.278 12.075 12.302 12.549 12.824 12.106  0.036  0.431  0.408 -0.589 -0.460  0.214  0.299 -0.017 4.871E+08
 15000. 8.5  0.926 10.840 -1.220 11.350 12.154 12.060 12.138 12.194 12.413 12.440 12.515 12.189 12.006 12.247 12.503 12.784 12.048  0.025  0.410  0.388 -0.604 -0.480  0.185  0.280 -0.035 4.439E+08
 15500. 8.5  0.927 10.697 -1.306 11.261 12.081 12.003 12.086 12.150 12.378 12.409 12.485 12.100 11.938 12.194 12.457 12.741 11.992  0.014  0.385  0.366 -0.616 -0.498  0.152  0.258 -0.055 4.060E+08
 16000. 8.5  0.927 10.558 -1.390 11.174 12.011 11.949 12.036 12.107 12.343 12.379 12.456 12.013 11.874 12.142 12.412 12.700 11.939  0.005  0.359  0.343 -0.626 -0.514  0.119  0.235 -0.073 3.723E+08
 16500. 8.5  0.928 10.424 -1.473 11.088 11.943 11.897 11.988 12.064 12.308 12.348 12.426 11.928 11.812 12.092 12.368 12.660 11.888 -0.003  0.331  0.321 -0.635 -0.528  0.086  0.210 -0.091 3.419E+08
 17000. 8.5  0.929 10.294 -1.553 11.006 11.879 11.847 11.941 12.023 12.274 12.317 12.397 11.846 11.753 12.044 12.325 12.620 11.839 -0.010  0.304  0.299 -0.643 -0.541  0.053  0.185 -0.108 3.145E+08
 20000. 8.5  0.932  9.584 -1.986 10.549 11.523 11.569 11.679 11.788 12.075 12.141 12.218 11.390 11.427 11.776 12.082 12.399 11.566 -0.048  0.148  0.188 -0.680 -0.602 -0.129  0.041 -0.188 1.966E+08
 25000. 8.5  0.938  8.608 -2.564  9.935 11.038 11.171 11.300 11.440 11.778 11.865 11.957 10.777 10.978 11.391 11.726 12.062 11.173 -0.083 -0.044  0.062 -0.726 -0.668 -0.344 -0.138 -0.272 9.664E+07
 30000. 8.5  0.944  7.810 -2.984  9.391 10.590 10.794 10.934 11.097 11.474 11.579 11.681 10.235 10.558 11.020 11.377 11.726 10.798 -0.107 -0.194 -0.041 -0.758 -0.712 -0.509 -0.279 -0.336 4.695E+07
 35000. 8.5  0.954  7.128 -3.372  9.000 10.251 10.500 10.644 10.818 11.212 11.324 11.427  9.843 10.237 10.727 11.096 11.450 10.507 -0.119 -0.283 -0.108 -0.771 -0.733 -0.608 -0.364 -0.375 2.478E+07
 40000. 8.5  0.960  6.541 -3.772  8.764 10.041 10.314 10.460 10.640 11.042 11.157 11.259  9.608 10.035 10.542 10.916 11.273 10.322 -0.126 -0.328 -0.143 -0.778 -0.745 -0.657 -0.407 -0.396 9.758E+06
 45000. 8.5  0.966  6.023 -4.154  8.597  9.889 10.177 10.326 10.509 10.915 11.032 11.134  9.441  9.889 10.406 10.785 11.143 10.186 -0.131 -0.356 -0.165 -0.783 -0.752 -0.688 -0.433 -0.410 4.045E+06
 50000. 8.5  0.972  5.559 -4.508  8.464  9.768 10.067 10.217 10.403 10.812 10.930 11.032  9.309  9.772 10.296 10.678 11.037 10.077 -0.134 -0.375 -0.180 -0.786 -0.758 -0.710 -0.452 -0.420 2.016E+06
 55000. 8.5  0.977  5.140 -4.833  8.353  9.666  9.973 10.124 10.312 10.724 10.843 10.944  9.198  9.673 10.203 10.587 10.947  9.983 -0.137 -0.390 -0.192 -0.789 -0.763 -0.727 -0.466 -0.428 1.256E+06
 60000. 8.5  0.982  4.756 -5.134  8.257  9.575  9.890 10.041 10.231 10.645 10.765 10.866  9.101  9.585 10.120 10.506 10.867  9.900 -0.140 -0.402 -0.202 -0.792 -0.767 -0.740 -0.477 -0.434 9.136E+05
 65000. 8.5  0.987  4.403 -5.412  8.170  9.495  9.815  9.967 10.159 10.574 10.695 10.796  9.015  9.506 10.046 10.433 10.795  9.826 -0.141 -0.412 -0.210 -0.794 -0.770 -0.751 -0.487 -0.440 7.222E+05
 70000. 8.5  0.992  4.076 -5.671  8.092  9.421  9.746  9.899 10.092 10.509 10.630 10.731  8.937  9.434  9.977 10.366 10.728  9.757 -0.143 -0.420 -0.217 -0.796 -0.773 -0.761 -0.495 -0.444 6.018E+05
 75000. 8.5  0.997  3.770 -5.911  8.019  9.353  9.682  9.835 10.030 10.448 10.569 10.670  8.864  9.367  9.913 10.303 10.666  9.693 -0.145 -0.428 -0.223 -0.797 -0.775 -0.769 -0.501 -0.448 5.129E+05
 80000. 8.5  1.002  3.485 -6.137  7.952  9.289  9.622  9.776  9.971 10.390 10.512 10.613  8.797  9.305  9.854 10.245 10.608  9.633 -0.146 -0.434 -0.228 -0.799 -0.777 -0.776 -0.507 -0.452 4.510E+05
 85000. 8.5  1.006  3.217 -6.349  7.889  9.229  9.566  9.720  9.917 10.337 10.459 10.560  8.734  9.247  9.798 10.190 10.554  9.577 -0.147 -0.440 -0.233 -0.800 -0.779 -0.783 -0.513 -0.455 4.114E+05
 90000. 8.5  1.011  2.964 -6.548  7.830  9.173  9.512  9.668  9.865 10.285 10.408 10.509  8.675  9.191  9.745 10.138 10.502  9.524 -0.148 -0.445 -0.237 -0.802 -0.781 -0.788 -0.518 -0.458 3.859E+05
100000. 8.5  1.019  2.498 -6.915  7.721  9.068  9.413  9.569  9.768 10.190 10.313 10.414  8.566  9.088  9.646 10.040 10.405  9.425 -0.150 -0.453 -0.244 -0.804 -0.785 -0.798 -0.526 -0.463 3.412E+05
110000. 8.5  1.025  2.077 -7.246  7.623  8.974  9.323  9.480  9.680 10.104 10.228 10.328  8.468  8.996  9.557  9.953 10.318  9.336 -0.152 -0.461 -0.250 -0.806 -0.787 -0.806 -0.532 -0.467 2.569E+05
  1500. 9.0  1.194 21.814  1.157 22.748 21.913 20.657 21.161 23.574 23.830 23.371 25.806 23.605 21.178 21.037 23.595 23.725 20.539  0.912  2.816  2.071 -3.835 -1.369  3.143  2.466  1.471 7.334E+09
  1750. 9.0  1.194 21.145  1.031 22.152 21.447 20.114 20.291 22.024 22.385 22.131 23.917 23.001 20.740 20.184 22.169 22.326 20.030  0.986  2.616  2.067 -2.627 -0.569  3.007  2.279  1.461 7.314E+09
  2000. 9.0  1.194 20.565  0.863 21.647 21.049 19.703 19.622 20.823 21.230 21.132 22.434 22.490 20.371 19.545 21.033 21.236 19.652  0.991  2.450  2.012 -1.709  0.049  2.852  2.127  1.413 7.290E+09
  2250. 9.0  1.194 20.054  0.677 21.188 20.690 19.377 19.099 19.844 20.279 20.302 21.243 22.027 20.044 19.071 20.090 20.338 19.347  0.961  2.298  1.926 -0.980  0.531  2.683  1.987  1.340 7.269E+09
  2500. 9.0  1.194 19.596  0.493 20.770 20.360 19.104 18.681 19.041 19.481 19.599 20.286 21.605 19.747 18.719 19.318 19.589 19.083  0.919  2.163  1.832 -0.408  0.868  2.519  1.861  1.261 7.247E+09
  2750. 9.0  1.194 19.182  0.324 20.390 20.056 18.859 18.334 18.371 18.809 18.997 19.496 21.222 19.472 18.442 18.688 18.951 18.842  0.876  2.047  1.744  0.041  1.072  2.374  1.754  1.188 7.224E+09
  3000. 9.0  1.194 18.804  0.169 20.047 19.779 18.635 18.040 17.814 18.211 18.446 18.816 20.878 19.220 18.212 18.186 18.396 18.620  0.838  1.947  1.668  0.390  1.171  2.249  1.662  1.125 7.197E+09
  3250. 9.0  1.194 18.457  0.028 19.738 19.525 18.429 17.789 17.365 17.663 17.919 18.191 20.567 18.987 18.011 17.798 17.912 18.414  0.806  1.862  1.603  0.637  1.202  2.143  1.584  1.071 7.165E+09
  3500. 9.0  1.194 18.135 -0.096 19.449 19.285 18.231 17.573 17.021 17.151 17.400 17.604 20.277 18.765 17.825 17.506 17.509 18.216  0.778  1.789  1.546  0.777  1.191  2.050  1.516  1.024 7.126E+09
  3750. 9.0  1.194 17.835 -0.199 19.167 19.048 18.035 17.380 16.768 16.679 16.893 17.052 19.994 18.546 17.644 17.283 17.192 18.020  0.750  1.720  1.492  0.826  1.154  1.963  1.453  0.979 7.073E+09
  4000. 9.0  1.194 17.555 -0.279 18.878 18.805 17.834 17.196 16.569 16.264 16.409 16.526 19.703 18.320 17.461 17.097 16.949 17.819  0.721  1.650  1.436  0.817  1.102  1.874  1.388  0.932 6.998E+09
  4250. 9.0  1.194 17.292 -0.329 18.567 18.545 17.620 17.009 16.393 15.926 15.962 16.035 19.392 18.079 17.268 16.920 16.753 17.605  0.690  1.574  1.374  0.776  1.037  1.776  1.318  0.881 6.905E+09
  4500. 9.0  1.194 17.043 -0.345 18.227 18.260 17.388 16.809 16.219 15.675 15.577 15.607 19.051 17.816 17.060 16.739 16.577 17.372  0.654  1.490  1.306  0.716  0.962  1.667  1.240  0.824 6.781E+09
  4750. 9.0  1.194 16.808 -0.331 17.861 17.955 17.140 16.597 16.040 15.490 15.277 15.253 18.684 17.534 16.838 16.550 16.407 17.124  0.616  1.398  1.231  0.645  0.878  1.549  1.156  0.762 6.649E+09
  5000. 9.0  1.194 16.586 -0.298 17.481 17.639 16.884 16.379 15.860 15.338 15.066 14.995 18.303 17.243 16.610 16.357 16.238 16.868  0.575  1.301  1.152  0.569  0.790  1.425  1.067  0.697 6.494E+09
  5250. 9.0  1.194 16.374 -0.258 17.104 17.326 16.632 16.166 15.684 15.203 14.915 14.825 17.925 16.955 16.386 16.169 16.076 16.617  0.535  1.203  1.073  0.493  0.702  1.299  0.976  0.631 6.310E+09
  5500. 9.0  1.194 16.171 -0.222 16.744 17.029 16.394 15.964 15.517 15.080 14.796 14.709 17.565 16.682 16.175 15.991 15.922 16.379  0.496  1.109  0.997  0.420  0.618  1.179  0.890  0.568 6.048E+09
  6000. 9.0  1.195 15.793 -0.175 16.102 16.500 15.968 15.605 15.220 14.863 14.605 14.539 16.922 16.194 15.801 15.673 15.649 15.954  0.426  0.941  0.862  0.291  0.467  0.964  0.736  0.455 5.102E+09
  6500. 9.0  1.195 15.445 -0.164 15.561 16.055 15.610 15.303 14.970 14.679 14.451 14.407 16.382 15.785 15.487 15.406 15.418 15.597  0.368  0.799  0.751  0.182  0.340  0.784  0.607  0.361 4.404E+09
  7000. 9.0  1.196 15.123 -0.186 15.102 15.682 15.309 15.052 14.762 14.527 14.324 14.300 15.924 15.441 15.226 15.184 15.226 15.298  0.317  0.676  0.657  0.089  0.230  0.629  0.497  0.280 4.003E+09
  7500. 9.0  1.196 14.823 -0.226 14.716 15.363 15.049 14.832 14.581 14.395 14.217 14.210 15.539 15.145 14.998 14.990 15.059 15.038  0.274  0.580  0.585  0.009  0.136  0.507  0.413  0.215 3.677E+09
  8000. 9.0  1.196 14.543 -0.269 14.385 15.082 14.812 14.632 14.412 14.276 14.122 14.130 15.210 14.881 14.792 14.810 14.903 14.801  0.239  0.513  0.534 -0.060  0.057  0.418  0.355  0.166 3.386E+09
  8500. 9.0  1.196 14.279 -0.310 14.098 14.828 14.589 14.440 14.252 14.163 14.035 14.054 14.924 14.639 14.594 14.639 14.755 14.579  0.209  0.471  0.500 -0.122 -0.011  0.358  0.320  0.129 3.113E+09
  9000. 9.0  1.196 14.031 -0.347 13.844 14.596 14.378 14.257 14.098 14.057 13.952 13.982 14.672 14.414 14.406 14.476 14.613 14.369  0.185  0.447  0.480 -0.180 -0.070  0.320  0.302  0.103 2.864E+09
  9500. 9.0  1.197 13.796 -0.383 13.617 14.382 14.179 14.084 13.952 13.957 13.873 13.912 14.446 14.205 14.228 14.320 14.479 14.169  0.164  0.435  0.470 -0.235 -0.124  0.297  0.295  0.086 2.643E+09
 10000. 9.0  1.197 13.573 -0.419 13.412 14.186 13.992 13.921 13.816 13.863 13.799 13.846 14.242 14.011 14.060 14.175 14.354 13.981  0.149  0.431  0.468 -0.287 -0.171  0.285  0.294  0.077 2.444E+09
 10500. 9.0  1.197 13.361 -0.458 13.227 14.008 13.818 13.772 13.691 13.777 13.729 13.783 14.058 13.834 13.906 14.042 14.239 13.806  0.136  0.429  0.469 -0.338 -0.213  0.278  0.294  0.073 2.260E+09
 11000. 9.0  1.197 13.159 -0.506 13.061 13.849 13.665 13.640 13.582 13.701 13.667 13.726 13.893 13.677 13.771 13.924 14.138 13.651  0.126  0.425  0.471 -0.384 -0.250  0.270  0.291  0.070 2.089E+09
 11500. 9.0  1.197 12.965 -0.567 12.911 13.710 13.532 13.527 13.488 13.635 13.612 13.677 13.745 13.541 13.655 13.824 14.053 13.517  0.117  0.417  0.469 -0.425 -0.283  0.258  0.282  0.067 1.933E+09
 12000. 9.0  1.198 12.780 -0.639 12.777 13.589 13.419 13.430 13.409 13.577 13.564 13.633 13.611 13.423 13.555 13.739 13.979 13.403  0.108  0.403  0.463 -0.460 -0.312  0.240  0.269  0.061 1.793E+09
 12500. 9.0  1.198 12.603 -0.718 12.656 13.482 13.321 13.346 13.340 13.527 13.521 13.591 13.490 13.319 13.469 13.666 13.915 13.304  0.099  0.386  0.454 -0.491 -0.339  0.220  0.253  0.054 1.665E+09
 13000. 9.0  1.198 12.432 -0.803 12.547 13.386 13.236 13.274 13.281 13.482 13.483 13.555 13.382 13.227 13.394 13.602 13.860 13.219  0.090  0.370  0.445 -0.518 -0.363  0.198  0.237  0.046 1.546E+09
 13500. 9.0  1.198 12.268 -0.896 12.454 13.305 13.164 13.213 13.232 13.445 13.451 13.525 13.289 13.149 13.331 13.550 13.814 13.147  0.081  0.356  0.434 -0.541 -0.386  0.179  0.224  0.036 1.434E+09
 14000. 9.0  1.199 12.110 -0.998 12.380 13.241 13.108 13.166 13.194 13.415 13.425 13.501 13.216 13.088 13.282 13.509 13.778 13.091  0.075  0.344  0.425 -0.559 -0.403  0.163  0.211  0.029 1.330E+09
 14500. 9.0  1.199 11.957 -1.102 12.314 13.184 13.059 13.124 13.160 13.389 13.403 13.479 13.150 13.033 13.238 13.473 13.747 13.042  0.068  0.332  0.417 -0.575 -0.419  0.147  0.199  0.023 1.232E+09
 15000. 9.0  1.199 11.810 -1.198 12.244 13.123 13.008 13.080 13.125 13.361 13.379 13.456 13.081 12.976 13.193 13.436 13.714 12.992  0.059  0.321  0.406 -0.591 -0.437  0.129  0.188  0.013 1.142E+09
 15500. 9.0  1.199 11.667 -1.288 12.170 13.059 12.956 13.035 13.089 13.332 13.353 13.433 13.007 12.915 13.146 13.397 13.680 12.940  0.049  0.307  0.392 -0.607 -0.455  0.109  0.175  0.001 1.059E+09
 16000. 9.0  1.199 11.529 -1.373 12.093 12.993 12.903 12.988 13.050 13.301 13.327 13.408 12.931 12.854 13.097 13.357 13.645 12.887  0.040  0.291  0.377 -0.621 -0.474  0.085  0.161 -0.013 9.812E+08
 16500. 9.0  1.200 11.395 -1.456 12.015 12.928 12.851 12.942 13.011 13.270 13.299 13.381 12.853 12.794 13.050 13.315 13.607 12.837  0.030  0.272  0.359 -0.633 -0.491  0.059  0.144 -0.029 9.086E+08
 17000. 9.0  1.200 11.266 -1.535 11.937 12.864 12.801 12.896 12.972 13.238 13.272 13.355 12.776 12.735 13.003 13.275 13.570 12.788  0.021  0.251  0.340 -0.643 -0.506  0.032  0.126 -0.045 8.403E+08
 20000. 9.0  1.201 10.558 -1.969 11.495 12.507 12.528 12.640 12.746 13.044 13.105 13.184 12.335 12.408 12.740 13.040 13.359 12.521 -0.027  0.117  0.223 -0.684 -0.579 -0.138  0.004 -0.135 5.130E+08
 25000. 9.0  1.204  9.587 -2.547 10.887 12.017 12.134 12.265 12.403 12.750 12.833 12.927 11.729 11.956 12.358 12.688 13.026 12.132 -0.068 -0.067  0.083 -0.730 -0.652 -0.352 -0.165 -0.233 2.528E+08
 30000. 9.0  1.206  8.794 -2.969 10.353 11.569 11.763 11.905 12.066 12.449 12.551 12.654 11.196 11.538 11.993 12.346 12.696 11.765 -0.097 -0.210 -0.031 -0.760 -0.701 -0.515 -0.298 -0.308 1.489E+08
 35000. 9.0  1.205  8.125 -3.365  9.986 11.248 11.490 11.635 11.807 12.206 12.316 12.420 10.829 11.234 11.719 12.085 12.440 11.495 -0.112 -0.293 -0.102 -0.772 -0.724 -0.610 -0.377 -0.355 1.116E+08
 40000. 9.0  1.208  7.543 -3.770  9.761 11.046 11.313 11.460 11.638 12.044 12.158 12.261 10.604 11.041 11.543 11.915 12.272 11.320 -0.120 -0.335 -0.138 -0.779 -0.738 -0.658 -0.416 -0.380 7.077E+07
 45000. 9.0  1.210  7.029 -4.154  9.601 10.900 11.183 11.333 11.515 11.924 12.040 12.143 10.445 10.901 11.414 11.791 12.149 11.191 -0.126 -0.361 -0.161 -0.784 -0.747 -0.688 -0.441 -0.397 4.614E+07
 50000. 9.0  1.212  6.570 -4.509  9.475 10.784 11.079 11.230 11.415 11.827 11.945 12.048 10.319 10.789 11.310 11.690 12.050 11.088 -0.130 -0.380 -0.177 -0.788 -0.753 -0.710 -0.458 -0.408 2.818E+07
 55000. 9.0  1.214  6.154 -4.837  9.370 10.686 10.990 11.142 11.330 11.744 11.863 11.966 10.214 10.694 11.222 11.604 11.965 10.999 -0.133 -0.394 -0.190 -0.791 -0.758 -0.727 -0.472 -0.418 1.438E+07
 60000. 9.0  1.217  5.774 -5.139  9.278 10.601 10.912 11.065 11.254 11.671 11.791 11.893 10.123 10.611 11.144 11.528 11.890 10.922 -0.136 -0.406 -0.200 -0.793 -0.763 -0.740 -0.482 -0.425 5.487E+06
 65000. 9.0  1.220  5.423 -5.418  9.196 10.524 10.841 10.994 11.185 11.604 11.725 11.827 10.040 10.536 11.073 11.460 11.822 10.851 -0.138 -0.415 -0.209 -0.795 -0.767 -0.751 -0.491 -0.431 1.821E+06
 70000. 9.0  1.222  5.099 -5.677  9.122 10.454 10.777 10.931 11.123 11.543 11.664 11.767  9.967 10.468 11.009 11.397 11.760 10.787 -0.140 -0.423 -0.216 -0.797 -0.770 -0.761 -0.499 -0.437 9.915E+05
 75000. 9.0  1.224  4.798 -5.920  9.054 10.390 10.717 10.872 11.066 11.487 11.609 11.712  9.899 10.406 10.950 11.339 11.703 10.728 -0.142 -0.430 -0.222 -0.799 -0.773 -0.769 -0.505 -0.442 7.257E+05
 80000. 9.0  1.226  4.516 -6.146  8.992 10.331 10.662 10.817 11.013 11.434 11.557 11.660  9.837 10.348 10.895 11.286 11.650 10.673 -0.144 -0.437 -0.227 -0.801 -0.775 -0.776 -0.511 -0.446 5.943E+05
 85000. 9.0  1.228  4.251 -6.359  8.933 10.275 10.610 10.766 10.962 11.385 11.508 11.611  9.778 10.293 10.843 11.235 11.600 10.621 -0.145 -0.442 -0.232 -0.802 -0.778 -0.783 -0.516 -0.450 4.901E+05
 90000. 9.0  1.229  4.002 -6.560  8.879 10.224 10.561 10.718 10.915 11.339 11.462 11.565  9.724 10.242 10.795 11.188 11.553 10.573 -0.146 -0.447 -0.236 -0.803 -0.780 -0.788 -0.521 -0.453 3.598E+05
100000. 9.0  1.227  3.546 -6.929  8.782 10.132 10.475 10.632 10.831 11.256 11.381 11.484  9.628 10.152 10.709 11.104 11.469 10.487 -0.148 -0.455 -0.243 -0.806 -0.783 -0.798 -0.528 -0.459 8.610E+04
110000. 9.0  1.215  3.143 -7.263  8.704 10.058 10.406 10.563 10.764 11.190 11.316 11.418  9.550 10.080 10.640 11.036 11.402 10.417 -0.150 -0.462 -0.249 -0.808 -0.787 -0.806 -0.535 -0.464 4.321E+03
  1500. 9.5  1.365 22.919  1.103 23.580 22.865 21.816 22.435 24.875 25.010 24.508 26.820 24.430 22.210 22.312 24.919 24.992 21.713  0.727  2.629  1.799 -3.983 -1.703  2.793  2.284  1.229 3.500E+09
  1750. 9.5  1.365 22.250  1.025 23.049 22.452 21.224 21.487 23.260 23.511 23.218 24.874 23.892 21.788 21.378 23.429 23.538 21.136  0.912  2.449  1.929 -2.768 -0.800  2.786  2.123  1.346 3.499E+09
  2000. 9.5  1.365 21.670  0.878 22.578 22.062 20.791 20.789 22.042 22.356 22.228 23.439 23.417 21.416 20.706 22.271 22.432 20.736  0.941  2.324  1.914 -1.851 -0.160  2.692  2.009  1.332 3.489E+09
  2250. 9.5  1.365 21.158  0.710 22.148 21.705 20.448 20.244 21.069 21.423 21.416 22.330 22.985 21.083 20.202 21.328 21.542 20.414  0.925  2.213  1.855 -1.145  0.329  2.571  1.906  1.281 3.475E+09
  2500. 9.5  1.365 20.701  0.541 21.750 21.379 20.160 19.800 20.254 20.638 20.729 21.404 22.584 20.781 19.816 20.534 20.787 20.136  0.894  2.104  1.784 -0.573  0.703  2.444  1.806  1.222 3.463E+09
  2750. 9.5  1.365 20.287  0.376 21.386 21.081 19.910 19.439 19.577 19.968 20.132 20.626 22.217 20.508 19.522 19.885 20.145 19.892  0.859  2.002  1.710 -0.119  0.947  2.319  1.713  1.160 3.454E+09
  3000. 9.5  1.365 19.909  0.229 21.040 20.799 19.680 19.131 19.006 19.385 19.601 19.970 21.869 20.249 19.278 19.356 19.589 19.663  0.822  1.906  1.636  0.238  1.078  2.197  1.624  1.099 3.449E+09
  3250. 9.5  1.365 19.561  0.099 20.712 20.530 19.462 18.866 18.537 18.861 19.103 19.379 21.540 20.004 19.064 18.940 19.104 19.447  0.787  1.816  1.566  0.497  1.124  2.084  1.541  1.041 3.444E+09
  3500. 9.5  1.365 19.239 -0.014 20.402 20.274 19.254 18.635 18.163 18.374 18.622 18.832 21.228 19.768 18.867 18.617 18.686 19.238  0.755  1.733  1.502  0.660  1.121  1.979  1.465  0.987 3.440E+09
  3750. 9.5  1.365 18.940 -0.113 20.112 20.031 19.053 18.431 17.876 17.913 18.141 18.313 20.937 19.544 18.680 18.367 18.340 19.038  0.726  1.661  1.445  0.740  1.092  1.888  1.399  0.940 3.438E+09
  4000. 9.5  1.365 18.660 -0.197 19.832 19.795 18.856 18.244 17.654 17.487 17.670 17.805 20.657 19.324 18.499 18.166 18.066 18.841  0.700  1.596  1.393  0.757  1.050  1.805  1.339  0.897 3.436E+09
  4250. 9.5  1.365 18.396 -0.258 19.546 19.553 18.655 18.062 17.471 17.118 17.220 17.320 20.370 19.098 18.315 17.988 17.850 18.639  0.672  1.530  1.339  0.734  0.996  1.720  1.277  0.852 3.435E+09
  4500. 9.5  1.365 18.148 -0.291 19.235 19.291 18.439 17.873 17.299 16.829 16.815 16.880 20.058 18.855 18.120 17.813 17.668 18.423  0.641  1.456  1.279  0.687  0.931  1.624  1.209  0.802 3.435E+09
  4750. 9.5  1.365 17.913 -0.295 18.899 19.009 18.208 17.674 17.128 16.617 16.478 16.497 19.722 18.595 17.913 17.633 17.500 18.192  0.606  1.374  1.212  0.626  0.857  1.519  1.134  0.746 3.410E+09
  5000. 9.5  1.365 17.690 -0.277 18.546 18.714 17.968 17.469 16.955 16.454 16.229 16.189 19.368 18.322 17.698 17.450 17.337 17.952  0.570  1.286  1.141  0.558  0.778  1.406  1.053  0.687 3.347E+09
  5250. 9.5  1.365 17.478 -0.247 18.187 18.415 17.726 17.262 16.784 16.315 16.055 15.980 19.008 18.046 17.482 17.267 17.177 17.710  0.531  1.195  1.066  0.487  0.695  1.289  0.969  0.625 3.277E+09
  5500. 9.5  1.365 17.276 -0.216 17.837 18.125 17.492 17.064 16.620 16.190 15.923 15.841 18.657 17.779 17.275 17.093 17.026 17.478  0.494  1.104  0.993  0.416  0.614  1.172  0.885  0.564 3.210E+09
  6000. 9.5  1.365 16.899 -0.172 17.202 17.601 17.070 16.707 16.324 15.971 15.722 15.657 18.022 17.295 16.902 16.777 16.753 17.057  0.426  0.938  0.860  0.289  0.466  0.961  0.734  0.454 3.036E+09
  6500. 9.5  1.365 16.551 -0.159 16.659 17.154 16.709 16.403 16.071 15.785 15.563 15.518 17.480 16.883 16.586 16.506 16.519 16.697  0.368  0.797  0.749  0.181  0.340  0.782  0.605  0.361 2.621E+09
  7000. 9.5  1.365 16.229 -0.175 16.199 16.777 16.404 16.146 15.857 15.627 15.432 15.406 17.021 16.536 16.320 16.278 16.321 16.392  0.319  0.677  0.656  0.090  0.233  0.631  0.497  0.284 2.450E+09
  7500. 9.5  1.365 15.929 -0.216 15.809 16.458 16.145 15.928 15.676 15.495 15.322 15.313 16.632 16.241 16.095 16.085 16.154 16.134  0.277  0.576  0.582  0.011  0.140  0.504  0.407  0.219 2.319E+09
  8000. 9.5  1.366 15.649 -0.266 15.476 16.183 15.915 15.736 15.514 15.379 15.228 15.234 16.300 15.985 15.898 15.912 16.004 15.905  0.242  0.498  0.526 -0.058  0.061  0.405  0.339  0.169 2.187E+09
  8500. 9.5  1.366 15.385 -0.316 15.186 15.935 15.701 15.553 15.360 15.270 15.142 15.160 16.012 15.750 15.709 15.748 15.862 15.691  0.213  0.443  0.487 -0.118 -0.007  0.333  0.291  0.131 2.080E+09
  9000. 9.5  1.366 15.137 -0.362 14.930 15.709 15.499 15.378 15.212 15.168 15.060 15.089 15.757 15.533 15.529 15.591 15.726 15.489  0.189  0.407  0.463 -0.174 -0.064  0.284  0.261  0.105 1.994E+09
  9500. 9.5  1.366 14.902 -0.403 14.700 15.501 15.306 15.210 15.070 15.071 14.983 15.020 15.528 15.330 15.356 15.440 15.595 15.295  0.170  0.384  0.450 -0.226 -0.114  0.251  0.243  0.089 1.910E+09
 10000. 9.5  1.366 14.679 -0.443 14.491 15.308 15.122 15.050 14.936 14.980 14.908 14.952 15.320 15.141 15.191 15.297 15.470 15.111  0.155  0.371  0.445 -0.277 -0.157  0.230  0.232  0.081 1.825E+09
 10500. 9.5  1.366 14.468 -0.483 14.301 15.131 14.950 14.899 14.809 14.893 14.836 14.887 15.131 14.966 15.037 15.161 15.353 14.937  0.144  0.362  0.446 -0.323 -0.196  0.217  0.225  0.078 1.747E+09
 11000. 9.5  1.366 14.265 -0.526 14.127 14.969 14.792 14.762 14.693 14.814 14.770 14.825 14.959 14.806 14.895 15.038 15.246 14.777  0.136  0.353  0.449 -0.369 -0.231  0.207  0.218  0.078 1.685E+09
 11500. 9.5  1.366 14.072 -0.580 13.972 14.826 14.652 14.641 14.591 14.743 14.710 14.772 14.804 14.664 14.771 14.930 15.153 14.636  0.129  0.342  0.450 -0.408 -0.261  0.195  0.207  0.078 1.632E+09
 12000. 9.5  1.366 13.887 -0.644 13.832 14.700 14.532 14.537 14.505 14.681 14.656 14.721 14.665 14.541 14.665 14.837 15.072 14.514  0.124  0.327  0.446 -0.444 -0.287  0.179  0.193  0.076 1.579E+09
 12500. 9.5  1.366 13.710 -0.717 13.704 14.587 14.427 14.446 14.429 14.626 14.609 14.677 14.538 14.432 14.572 14.757 15.003 14.409  0.118  0.309  0.439 -0.474 -0.311  0.159  0.175  0.071 1.522E+09
 13000. 9.5  1.366 13.540 -0.796 13.587 14.486 14.336 14.367 14.363 14.577 14.566 14.635 14.422 14.335 14.490 14.687 14.941 14.316  0.111  0.290  0.428 -0.501 -0.334  0.137  0.156  0.064 1.463E+09
 13500. 9.5  1.366 13.376 -0.879 13.481 14.394 14.254 14.296 14.305 14.532 14.527 14.599 14.315 14.247 14.417 14.624 14.886 14.235  0.104  0.270  0.416 -0.525 -0.355  0.114  0.137  0.055 1.406E+09
 14000. 9.5  1.366 13.218 -0.965 13.385 14.313 14.183 14.234 14.253 14.493 14.493 14.568 14.221 14.169 14.353 14.570 14.839 14.163  0.097  0.252  0.405 -0.546 -0.374  0.092  0.119  0.047 1.356E+09
 14500. 9.5  1.366 13.065 -1.056 13.303 14.242 14.122 14.182 14.210 14.459 14.464 14.541 14.139 14.102 14.299 14.524 14.799 14.101  0.090  0.237  0.395 -0.565 -0.392  0.074  0.105  0.039 1.312E+09
 15000. 9.5  1.366 12.918 -1.154 13.237 14.185 14.072 14.139 14.176 14.432 14.441 14.520 14.073 14.048 14.255 14.487 14.766 14.052  0.084  0.225  0.386 -0.580 -0.407  0.058  0.094  0.032 1.271E+09
 15500. 9.5  1.366 12.776 -1.254 13.178 14.135 14.029 14.102 14.146 14.408 14.420 14.498 14.015 14.000 14.216 14.455 14.737 14.009  0.079  0.213  0.377 -0.593 -0.420  0.044  0.082  0.026 1.231E+09
 16000. 9.5  1.366 12.638 -1.347 13.118 14.084 13.985 14.064 14.115 14.384 14.399 14.478 13.955 13.952 14.177 14.423 14.709 13.965  0.074  0.201  0.369 -0.607 -0.433  0.029  0.070  0.020 1.191E+09
 16500. 9.5  1.367 12.504 -1.435 13.054 14.029 13.939 14.024 14.082 14.358 14.377 14.458 13.891 13.899 14.135 14.388 14.679 13.919  0.066  0.190  0.360 -0.621 -0.448  0.012  0.060  0.012 1.150E+09
 17000. 9.5  1.367 12.374 -1.517 12.987 13.971 13.891 13.983 14.049 14.331 14.353 14.435 13.825 13.845 14.092 14.353 14.647 13.872  0.058  0.176  0.348 -0.634 -0.464 -0.006  0.047  0.001 1.110E+09
 20000. 9.5  1.367 11.668 -1.955 12.575 13.626 13.623 13.739 13.839 14.149 14.203 14.284 13.415 13.526 13.841 14.133 14.454 13.610  0.002  0.077  0.247 -0.687 -0.548 -0.148 -0.043 -0.081 9.368E+08
 25000. 9.5  1.368 10.698 -2.529 11.966 13.124 13.227 13.361 13.495 13.851 13.931 14.025 12.808 13.065 13.456 13.780 14.119 13.221 -0.048 -0.098  0.094 -0.733 -0.630 -0.361 -0.201 -0.194 6.892E+08
 30000. 9.5  1.369  9.906 -2.954 11.439 12.674 12.859 13.003 13.161 13.551 13.649 13.753 12.283 12.644 13.092 13.441 13.792 12.859 -0.083 -0.231 -0.027 -0.762 -0.685 -0.522 -0.324 -0.283 3.744E+08
 35000. 9.5  1.461  9.166 -3.359 11.016 12.288 12.524 12.671 12.840 13.243 13.351 13.456 11.859 12.276 12.757 13.118 13.473 12.527 -0.101 -0.307 -0.099 -0.773 -0.712 -0.612 -0.393 -0.337 5.502E+08
 40000. 9.5  1.461  8.586 -3.768 10.799 12.091 12.354 12.503 12.679 13.087 13.200 13.304 11.642 12.088 12.586 12.955 13.313 12.359 -0.112 -0.345 -0.136 -0.780 -0.727 -0.659 -0.429 -0.366 6.405E+08
 45000. 9.5  1.460  8.075 -4.154 10.644 11.949 12.229 12.379 12.559 12.972 13.087 13.191 11.488 11.951 12.461 12.835 13.194 12.235 -0.119 -0.370 -0.160 -0.785 -0.738 -0.689 -0.452 -0.384 5.451E+08
 50000. 9.5  1.460  7.617 -4.511 10.522 11.836 12.128 12.280 12.463 12.878 12.996 13.100 11.366 11.842 12.361 12.738 13.099 12.135 -0.124 -0.387 -0.176 -0.789 -0.745 -0.710 -0.468 -0.398 3.184E+08
 55000. 9.5  1.461  7.203 -4.839 10.420 11.741 12.042 12.195 12.381 12.798 12.917 13.021 11.264 11.749 12.275 12.655 13.017 12.050 -0.127 -0.401 -0.189 -0.792 -0.752 -0.727 -0.480 -0.409 1.167E+08
 60000. 9.5  1.461  6.825 -5.142 10.331 11.658 11.967 12.120 12.309 12.728 12.848 12.952 11.176 11.669 12.200 12.583 12.945 11.975 -0.131 -0.411 -0.199 -0.794 -0.757 -0.740 -0.490 -0.417 2.443E+07
 65000. 9.5  1.463  6.475 -5.422 10.251 11.582 11.898 12.052 12.242 12.663 12.784 12.888 11.096 11.595 12.131 12.516 12.879 11.906 -0.134 -0.420 -0.208 -0.797 -0.761 -0.751 -0.498 -0.424 4.000E+06
 70000. 9.5  1.463  6.153 -5.683 10.180 11.515 11.836 11.991 12.183 12.605 12.727 12.832 11.025 11.530 12.070 12.457 12.820 11.845 -0.136 -0.428 -0.215 -0.799 -0.765 -0.761 -0.505 -0.431 1.566E+06
 75000. 9.5  1.462  5.855 -5.926 10.116 11.455 11.780 11.936 12.129 12.553 12.676 12.780 10.961 11.471 12.014 12.403 12.767 11.790 -0.138 -0.435 -0.221 -0.800 -0.768 -0.769 -0.511 -0.436 9.878E+05
 80000. 9.5  1.462  5.575 -6.153 10.056 11.398 11.728 11.884 12.079 12.503 12.627 12.731 10.901 11.416 11.962 12.352 12.716 11.738 -0.140 -0.441 -0.227 -0.802 -0.771 -0.776 -0.516 -0.441 7.476E+05
 85000. 9.5  1.461  5.312 -6.367 10.001 11.345 11.679 11.835 12.031 12.457 12.581 12.686 10.846 11.364 11.913 12.304 12.669 11.689 -0.141 -0.446 -0.231 -0.803 -0.774 -0.783 -0.521 -0.445 5.774E+05
 90000. 9.5  1.459  5.065 -6.569  9.950 11.297 11.634 11.791 11.988 12.414 12.539 12.644 10.795 11.317 11.869 12.261 12.626 11.644 -0.143 -0.450 -0.236 -0.805 -0.776 -0.788 -0.525 -0.449 3.708E+05
100000. 9.5  1.445  4.619 -6.940  9.865 11.216 11.558 11.716 11.915 12.343 12.469 12.574 10.710 11.237 11.793 12.187 12.554 11.569 -0.146 -0.458 -0.243 -0.807 -0.780 -0.798 -0.533 -0.455 3.709E+04
110000. 9.5  1.410  4.231 -7.275  9.804 11.159 11.506 11.665 11.865 12.295 12.421 12.526 10.649 11.181 11.742 12.137 12.504 11.517 -0.148 -0.465 -0.249 -0.809 -0.784 -0.807 -0.539 -0.461 1.428E+02
